Frame,root_translateX,root_translateY,root_translateZ,root_rotateX,root_rotateY,root_rotateZ,left_hip_pitch_joint_dof,left_hip_roll_joint_dof,left_hip_yaw_joint_dof,left_knee_joint_dof,left_ankle_pitch_joint_dof,left_ankle_roll_joint_dof,right_hip_pitch_joint_dof,right_hip_roll_joint_dof,right_hip_yaw_joint_dof,right_knee_joint_dof,right_ankle_pitch_joint_dof,right_ankle_roll_joint_dof,waist_yaw_joint_dof,waist_roll_joint_dof,waist_pitch_joint_dof,left_shoulder_pitch_joint_dof,left_shoulder_roll_joint_dof,left_shoulder_yaw_joint_dof,left_elbow_joint_dof,left_wrist_roll_joint_dof,left_wrist_pitch_joint_dof,left_wrist_yaw_joint_dof,right_shoulder_pitch_joint_dof,right_shoulder_roll_joint_dof,right_shoulder_yaw_joint_dof,right_elbow_joint_dof,right_wrist_roll_joint_dof,right_wrist_pitch_joint_dof,right_wrist_yaw_joint_dof
0.000000,41.083977,3.579132,76.286292,-1.824074,6.328443,1.632928,-2.906564,7.679727,4.485156,0.800782,-10.710160,-0.222931,-7.463404,-4.255432,-2.404998,10.311488,-12.281185,3.906291,-7.269616,0.195742,-15.512307,1.557643,18.222977,-13.753782,71.287443,8.077220,-2.981895,-7.510686,0.530710,-17.256787,12.345427,72.624288,3.372018,-2.364747,6.057219
1.000000,41.043881,3.655379,76.207852,-1.750044,6.174802,1.334420,-2.501918,7.607242,4.836338,0.406451,-10.805407,-0.232530,-7.646320,-4.379119,-2.238383,10.791740,-12.614425,4.203070,-5.772287,1.160300,-11.790872,-2.061537,16.406446,-12.700182,72.967048,8.510834,-3.889110,-7.012593,-1.773375,-18.619963,10.072912,73.115427,4.179943,-2.639398,5.617571
2.000000,41.160092,3.662391,76.182932,-1.729767,6.107059,1.157706,-1.922346,7.604873,5.072567,-0.277961,-10.619926,-0.293897,-7.209587,-4.410789,-2.360664,10.095407,-12.514991,4.649330,-5.512405,1.273811,-11.275396,-2.913701,15.961532,-12.394620,74.491628,7.837343,-4.485690,-7.032719,-2.273294,-18.856684,9.815024,73.853210,4.554068,-2.578103,5.582052
3.000000,41.319296,3.654009,76.173156,-1.799329,6.151436,1.112606,-1.466792,7.692652,5.226269,-1.015603,-10.364941,-0.395975,-6.631049,-4.358109,-2.774643,8.970516,-12.234801,4.805703,-5.509585,1.319428,-11.187431,-3.074388,15.745406,-12.219497,75.552957,6.965400,-4.588076,-7.379312,-2.366795,-18.810852,9.863862,74.620582,5.431106,-2.489967,5.818023
4.000000,41.343850,3.705255,76.233107,-1.861943,7.155917,1.090738,-2.527563,7.727082,5.565485,-1.093978,-10.070843,-0.101549,-7.744482,-4.365376,-2.776656,8.900269,-11.525391,4.231095,-5.688974,1.545713,-12.426760,-4.217140,14.938174,-14.916547,77.968816,5.134007,-7.416785,-5.294049,-2.460479,-18.733276,10.641769,75.856088,5.943060,-5.420710,7.433484
5.000000,41.412795,3.736534,76.237911,-1.879407,7.705791,0.991932,-3.115952,7.731438,5.653772,-1.008531,-10.090812,-0.107018,-8.232179,-4.355968,-2.741703,8.673300,-11.336424,4.248167,-5.468115,1.595593,-12.938330,-4.251823,14.789443,-15.287314,78.726420,4.414709,-8.057815,-4.896099,-2.325691,-18.793728,10.406534,76.369984,6.140044,-5.777482,7.587568
6.000000,41.498646,3.777097,76.230425,-1.876039,7.999389,0.875471,-3.360560,7.716482,5.772482,-0.959863,-10.159077,-0.041540,-8.443508,-4.369442,-2.675569,8.505586,-11.196939,4.264640,-5.386426,1.631209,-13.072508,-4.250489,14.613297,-15.023896,79.144243,3.663658,-8.536142,-4.949027,-2.345224,-18.823112,10.360145,76.551572,6.241275,-5.966971,7.558018
7.000000,41.541639,3.822822,76.229405,-1.882636,8.020157,0.771744,-3.358668,7.716591,5.888432,-0.853381,-10.286258,0.043986,-8.441767,-4.392597,-2.682371,8.489076,-11.150946,4.315962,-5.318672,1.659042,-12.918219,-4.140142,14.626391,-14.999977,79.096295,3.482455,-8.629313,-4.889640,-2.288255,-18.869115,10.342249,76.428676,6.418925,-5.985845,7.480756
8.000000,41.610748,3.849807,76.229346,-1.874536,8.026267,0.656591,-3.302864,7.722000,6.022409,-0.765939,-10.433337,0.076412,-8.382467,-4.389911,-2.609579,8.414659,-11.116924,4.348577,-5.248114,1.637774,-12.834216,-4.011310,14.668767,-14.958758,78.902543,3.491452,-8.562936,-4.868250,-2.251679,-18.866511,10.271472,76.332473,6.452354,-5.957495,7.536660
9.000000,41.683602,3.887686,76.226288,-1.855096,8.108739,0.557359,-3.281193,7.684628,6.102596,-0.805708,-10.455131,0.063118,-8.397013,-4.423917,-2.554421,8.336971,-11.033174,4.438471,-5.225141,1.603720,-12.867711,-3.899785,14.711864,-14.969130,78.515688,3.581932,-8.436905,-4.983531,-2.187612,-18.841379,10.334045,76.120027,6.432880,-5.987804,7.605685
10.000000,41.727132,3.926709,76.223779,-1.855560,8.252127,0.510049,-3.365882,7.656389,6.173333,-0.859215,-10.464384,0.082709,-8.520286,-4.449460,-2.530463,8.297070,-10.967172,4.454771,-5.252367,1.616896,-13.004368,-3.866511,14.691926,-14.895434,78.527341,3.581709,-8.392989,-5.050930,-2.199844,-18.826648,10.300863,76.031617,6.464956,-5.994511,7.630978
11.000000,41.780305,3.966749,76.224339,-1.857471,8.281092,0.453859,-3.272099,7.633689,6.225011,-0.976825,-10.452653,0.129864,-8.488256,-4.460525,-2.498343,8.225050,-10.882149,4.534371,-5.244514,1.628685,-13.026477,-3.869300,14.671613,-14.914618,78.469858,3.631210,-8.347674,-5.012105,-2.242515,-18.834602,10.218477,75.910531,6.400300,-5.958100,7.565633
12.000000,41.830313,4.005135,76.222515,-1.858407,8.284655,0.366260,-3.119592,7.617542,6.309508,-1.148429,-10.432446,0.134871,-8.432494,-4.477239,-2.482529,8.147673,-10.854583,4.598778,-5.226342,1.657861,-13.009735,-3.909914,14.643907,-14.925121,78.389043,3.643514,-8.283135,-4.925223,-2.323565,-18.843167,10.216652,75.795641,6.382691,-5.967123,7.549398
13.000000,41.877770,4.040695,76.214355,-1.836279,8.411810,0.343893,-3.145445,7.553338,6.350922,-1.305000,-10.380921,0.128064,-8.513622,-4.537116,-2.487804,8.085604,-10.830632,4.676462,-5.224258,1.670318,-13.155604,-4.300323,14.608639,-15.308115,78.677332,3.465016,-8.045949,-5.187509,-2.432508,-18.873879,10.436436,75.741402,6.577653,-5.899687,7.611420
14.000000,41.901472,4.074842,76.212698,-1.839750,8.421808,0.360683,-3.127072,7.522873,6.334151,-1.330430,-10.398411,0.203389,-8.489216,-4.573202,-2.503342,8.063148,-10.818557,4.677475,-5.210646,1.654354,-13.162582,-4.514127,14.589195,-15.431614,78.612677,3.356515,-8.127913,-5.216887,-2.502694,-18.869644,10.525837,75.574479,6.621002,-5.918344,7.637267
15.000000,41.930911,4.107941,76.212662,-1.835430,8.476039,0.359433,-3.154421,7.486743,6.342187,-1.348071,-10.409059,0.208320,-8.498021,-4.608821,-2.503297,8.000014,-10.780738,4.728532,-5.197240,1.655811,-13.229486,-4.677943,14.577200,-15.445629,78.419813,3.369954,-8.173348,-5.140998,-2.536263,-18.865455,10.569872,75.306435,6.547187,-5.947017,7.651616
16.000000,41.953155,4.141129,76.209944,-1.824259,8.497495,0.338391,-3.135688,7.444717,6.359546,-1.389212,-10.415005,0.229862,-8.522695,-4.646266,-2.488754,8.035724,-10.797897,4.751505,-5.134994,1.651768,-13.257740,-4.885306,14.577613,-15.425224,78.187238,3.373057,-8.189559,-5.075791,-2.561553,-18.861171,10.624045,75.052099,6.616060,-5.930202,7.677981
17.000000,41.967416,4.167408,76.204389,-1.824586,8.509360,0.352435,-3.109707,7.416796,6.362524,-1.450441,-10.404728,0.240451,-8.532381,-4.686497,-2.520021,8.062507,-10.835364,4.752171,-5.072974,1.658454,-13.295802,-5.052558,14.581312,-15.414668,77.912043,3.332231,-8.200676,-4.969976,-2.583941,-18.866413,10.594138,74.872336,6.689105,-5.972249,7.654107
18.000000,41.985482,4.183216,76.201743,-1.787260,8.657111,0.334897,-3.229935,7.351093,6.372983,-1.509716,-10.379465,0.277144,-8.714773,-4.733729,-2.452673,8.105846,-10.840379,4.810663,-5.021521,1.632247,-13.455649,-5.181476,14.633607,-15.323116,77.575110,3.308672,-8.226615,-5.006416,-2.630523,-18.825991,10.567661,74.708343,6.634277,-5.942313,7.663274
19.000000,41.991606,4.195254,76.198697,-1.750610,8.825605,0.318838,-3.398189,7.293175,6.376854,-1.549458,-10.333205,0.278906,-8.957413,-4.795443,-2.440370,8.210784,-10.879244,4.845885,-4.992570,1.599085,-13.629626,-5.321598,14.664595,-15.258926,77.366202,3.293129,-8.277236,-5.095156,-2.688735,-18.778702,10.568706,74.628409,6.628271,-6.027908,7.729805
20.000000,41.992098,4.206212,76.195592,-1.741868,8.902249,0.313661,-3.483246,7.268753,6.363695,-1.561120,-10.335043,0.289908,-9.094259,-4.818403,-2.425365,8.308871,-10.919580,4.867245,-4.972395,1.614114,-13.716905,-5.417508,14.670135,-15.284951,77.229871,3.145773,-8.293719,-4.998185,-2.708093,-18.761732,10.692957,74.510984,6.669591,-6.050847,7.652985
21.000000,41.996053,4.219342,76.196766,-1.724840,8.953748,0.330704,-3.535207,7.231014,6.366048,-1.577589,-10.297921,0.295267,-9.153797,-4.857943,-2.447838,8.328524,-10.929387,4.886463,-4.965214,1.607147,-13.758764,-5.565924,14.672228,-15.299733,77.322468,3.078993,-8.304955,-5.047352,-2.711527,-18.739707,10.708645,74.431461,6.696632,-6.072883,7.623808
22.000000,41.996345,4.226630,76.198786,-1.724080,8.987443,0.371924,-3.587317,7.215274,6.343344,-1.574310,-10.283642,0.308609,-9.153183,-4.872627,-2.474519,8.262441,-10.882238,4.894477,-4.995283,1.637708,-13.767754,-5.713398,14.654309,-15.294066,77.551348,3.052483,-8.254846,-4.985807,-2.730605,-18.745584,10.713990,74.424200,6.695529,-6.083140,7.608022
23.000000,41.990513,4.231681,76.199758,-1.738870,9.003447,0.419467,-3.633687,7.221242,6.338766,-1.551672,-10.304396,0.317587,-9.129151,-4.887692,-2.564351,8.197909,-10.850764,4.891110,-5.023237,1.694128,-13.748094,-5.836911,14.641979,-15.214503,77.865044,3.061854,-8.237159,-5.035112,-2.754690,-18.758411,10.777045,74.470789,6.570520,-6.109885,7.660230
24.000000,41.984171,4.233245,76.197875,-1.749788,9.047330,0.458987,-3.731320,7.223216,6.262019,-1.490633,-10.323876,0.351004,-9.146170,-4.881677,-2.583070,8.137615,-10.833922,4.896002,-5.034591,1.746511,-13.769755,-5.989608,14.611329,-15.166275,78.462140,3.097579,-8.173305,-5.140473,-2.750002,-18.774414,10.775375,74.545935,6.518693,-6.068851,7.690652
25.000000,41.982341,4.233677,76.198810,-1.753970,9.092258,0.469132,-3.807108,7.222537,6.248719,-1.443113,-10.312226,0.353853,-9.175520,-4.884752,-2.595103,8.105264,-10.821683,4.884766,-5.026253,1.767140,-13.784950,-6.131748,14.616864,-15.150036,79.227531,3.104919,-8.031572,-5.161531,-2.762269,-18.770502,10.776885,74.711259,6.487719,-6.011993,7.689854
26.000000,41.975930,4.229632,76.198757,-1.750054,9.121359,0.475001,-3.867708,7.222916,6.257240,-1.402975,-10.320826,0.335263,-9.216828,-4.889441,-2.604982,8.111596,-10.834096,4.863845,-4.997494,1.765376,-13.754229,-6.275492,14.637309,-15.184538,80.029846,3.190073,-7.806849,-5.206030,-2.771000,-18.774474,10.764906,74.858866,6.507978,-5.968241,7.718679
27.000000,41.973111,4.220361,76.198053,-1.743427,9.156617,0.476610,-3.931391,7.224832,6.242202,-1.361855,-10.309089,0.338532,-9.271321,-4.888866,-2.600496,8.147710,-10.840620,4.845594,-4.961005,1.754940,-13.694642,-6.338095,14.683290,-15.192851,80.682723,3.294299,-7.554908,-5.198743,-2.789650,-18.793429,10.653752,75.023214,6.509639,-5.917504,7.731526
28.000000,41.969624,4.213004,76.198792,-1.744806,9.187900,0.494060,-3.990944,7.225234,6.207876,-1.330862,-10.326258,0.361026,-9.293019,-4.886943,-2.607258,8.118926,-10.826228,4.847745,-4.974298,1.783441,-13.590663,-6.319385,14.712695,-15.191534,81.165815,3.332722,-7.471105,-5.192394,-2.800834,-18.852746,10.551788,75.025564,6.698409,-5.934014,7.781652
29.000000,41.953486,4.204987,76.198095,-1.751984,9.241847,0.509268,-4.106191,7.243215,6.217984,-1.257993,-10.329722,0.342078,-9.358642,-4.873691,-2.610070,8.099370,-10.803924,4.843118,-4.983760,1.828644,-13.517005,-6.283681,14.721346,-15.172300,81.602934,3.242345,-7.567358,-5.286502,-2.822336,-18.928889,10.497237,74.984344,6.926738,-6.032814,7.833003
30.000000,41.947368,4.196331,76.198846,-1.750826,9.299899,0.510174,-4.198059,7.246819,6.185404,-1.219988,-10.317682,0.328622,-9.409691,-4.876107,-2.665481,8.059674,-10.784438,4.820425,-4.972867,1.846860,-13.492647,-6.126084,14.720921,-15.108440,82.232158,2.856217,-8.144870,-5.262786,-2.827990,-18.991640,10.475760,74.912921,7.173027,-6.223352,7.714671
31.000000,41.945153,4.187107,76.200056,-1.749105,9.355791,0.518700,-4.275913,7.251266,6.187797,-1.203932,-10.313631,0.325750,-9.449299,-4.875121,-2.679442,8.004846,-10.750618,4.847054,-4.993769,1.897541,-13.473044,-6.082931,14.707356,-14.859285,82.820190,2.536524,-7.926951,-5.261367,-2.813885,-19.075825,10.442943,74.665948,7.340303,-6.150969,7.667102
32.000000,41.947660,4.181587,76.202500,-1.733093,9.403991,0.536999,-4.336317,7.231838,6.168469,-1.197551,-10.293525,0.380627,-9.470889,-4.894061,-2.690158,7.946368,-10.746368,4.863461,-5.003733,1.976880,-13.384875,-6.269667,14.571215,-14.069673,83.611720,1.427377,-6.983902,-5.057079,-2.775871,-19.165367,10.231701,74.081147,7.713368,-6.036907,7.518733
33.000000,41.943961,4.175114,76.205951,-1.724678,9.434470,0.561989,-4.402376,7.222402,6.129577,-1.159267,-10.281846,0.440574,-9.517285,-4.919562,-2.769867,7.983468,-10.764738,4.843069,-4.913996,2.092146,-13.181807,-6.613292,14.289340,-12.159050,84.696914,-1.678302,-6.611816,-4.078426,-2.460438,-19.231648,10.161617,72.373374,8.335589,-6.278940,6.620082
34.000000,41.953433,4.179420,76.214176,-1.710166,9.345128,0.684842,-4.398734,7.172462,5.964455,-1.013716,-10.329591,0.542193,-9.367681,-4.994791,-2.912593,7.977033,-10.842625,4.829559,-4.929415,2.239018,-12.665262,-6.623315,13.851664,-8.648140,83.295468,-7.701638,-5.104261,-0.559975,-1.673188,-19.402684,11.261237,67.990237,7.139396,-6.995333,3.711988
35.000000,41.926080,4.184755,76.231456,-1.673772,9.269534,0.788548,-4.439285,7.105894,5.857082,-0.869351,-10.350707,0.560458,-9.315737,-5.087562,-3.047668,8.054362,-10.916601,4.911829,-4.937345,2.331064,-11.946934,-5.962078,12.774158,-4.802020,78.048961,-17.691341,-4.479539,5.179393,-0.571045,-19.813462,13.506175,60.649662,5.030922,-8.386708,-1.249636
36.000000,41.884935,4.240371,76.217139,-1.746732,10.087263,1.021291,-5.678017,7.078263,5.890134,-0.363156,-10.542715,0.055780,-9.771135,-5.162380,-3.652403,7.108376,-10.161079,5.713995,-4.145167,2.959151,-11.841493,-5.006114,10.659075,-10.196830,67.656500,-33.595809,-5.649353,12.817245,2.323169,-21.712816,14.838422,46.977741,4.398264,-8.261986,-13.260699
37.000000,41.811013,4.227580,76.249009,-1.667783,10.135412,0.978318,-5.905528,7.013344,5.868836,-0.157738,-10.423267,0.282967,-10.050405,-5.251875,-3.631427,7.381572,-10.123339,5.704574,-4.030741,2.885666,-11.222142,-3.471548,10.979350,-16.513806,54.481721,-33.316922,-8.102897,15.191741,2.478075,-22.549658,17.963474,36.022442,8.258138,-8.281066,-15.697636
38.000000,41.714373,4.192534,76.282775,-1.630044,10.046886,0.825510,-5.990540,7.061397,5.963978,0.102863,-10.413247,0.370758,-10.290742,-5.219413,-3.430640,7.800508,-10.146360,5.687198,-3.767560,2.781967,-10.792808,-3.278713,13.653202,-24.669571,38.960755,-23.553899,-10.495184,21.191560,1.706031,-23.064352,21.831281,24.014313,16.891965,-6.755492,-17.109865
39.000000,41.635352,4.138962,76.311040,-1.499566,9.942908,0.538449,-5.808763,7.053495,6.270570,-0.045346,-10.179471,0.248219,-10.562650,-5.249181,-3.121133,8.276056,-10.185982,5.739376,-3.340496,2.555687,-10.952824,-7.065422,17.233856,-31.408512,25.874693,-13.223989,-13.072511,27.784557,-1.116053,-23.020823,26.439910,13.422429,26.367242,-6.861534,-17.313614
40.000000,41.521052,4.153016,76.322490,-1.498903,9.945954,0.647391,-6.098549,7.029610,6.147764,0.231923,-10.150948,0.183907,-10.762898,-5.317914,-3.181684,8.509065,-10.261434,5.901238,-3.385659,2.524201,-11.660941,-13.180044,20.181884,-36.098171,13.321052,-4.614011,-14.254383,33.128934,-6.335941,-24.021999,31.554050,2.783154,32.297844,-7.431338,-16.799651
41.000000,41.465923,4.045187,76.324606,-1.420772,9.902088,0.433910,-6.016586,7.122419,6.383285,0.156579,-9.972069,-0.123680,-10.939079,-5.235107,-2.926077,8.734676,-10.402067,6.037217,-3.176307,2.448282,-12.674177,-21.263033,22.311284,-39.475054,3.348481,2.552218,-14.300596,36.190293,-13.329862,-24.179365,36.369436,-7.038915,36.681244,-8.662959,-18.393978
42.000000,41.463682,4.011265,76.329732,-1.202861,9.742892,0.407849,-5.762058,6.916223,6.445552,-0.054976,-9.663473,-0.166253,-10.899513,-5.461911,-2.814962,8.977467,-10.599811,6.436121,-3.027758,2.418975,-14.427424,-29.242919,22.949390,-42.416414,-3.414063,7.008408,-13.668866,37.687901,-20.197628,-23.229451,40.085458,-14.981574,39.322120,-8.974425,-18.658586
43.000000,41.369084,4.008922,76.373476,-0.450892,9.820086,0.426269,-5.988686,6.068987,6.638582,-0.391774,-8.734233,0.035831,-11.987391,-6.431567,-2.556830,10.657890,-11.005542,6.912245,-2.749361,1.657537,-15.735222,-35.434246,23.088213,-43.944491,-8.642999,12.109008,-11.664477,47.705610,-26.166388,-22.363465,40.816889,-21.577225,38.208963,-10.221725,-29.626065
44.000000,41.501030,4.011010,76.401997,-0.769022,9.882231,0.766547,-5.907969,6.285782,6.247050,-0.330285,-8.861586,-0.345306,-11.421927,-6.138933,-3.045967,9.975774,-10.967309,7.662039,-2.631121,2.318508,-16.117030,-41.826241,25.330629,-41.930914,-11.731579,10.642507,-11.645042,46.647679,-32.895021,-24.946381,39.197038,-26.171154,36.367848,-10.854842,-30.085375
45.000000,41.535002,3.986613,76.469439,-0.847942,9.703450,0.982096,-5.893842,6.378496,6.163663,-0.010013,-8.705463,-0.786310,-10.986210,-6.116428,-3.426273,9.675763,-10.753508,8.226082,-2.200301,2.651120,-16.209945,-48.156723,27.664460,-41.562090,-14.569798,9.593160,-10.673110,46.536691,-37.901512,-26.703596,38.953716,-29.200578,36.190451,-11.196031,-34.396939
46.000000,41.581523,3.972464,76.542580,-0.861246,9.514611,1.140762,-5.835443,6.398276,6.143279,0.297089,-8.547155,-1.214560,-10.589150,-6.164317,-3.754720,9.470048,-10.509504,8.925177,-1.649751,2.790350,-16.114771,-53.226080,29.599687,-42.667580,-16.424433,9.079639,-11.357680,46.297170,-41.805573,-28.911084,39.154333,-31.378036,34.154207,-12.062611,-38.112203
47.000000,41.653106,3.975415,76.609898,-0.871479,9.365496,1.374083,-5.785779,6.373848,6.075649,0.530489,-8.405249,-1.506445,-10.171012,-6.248643,-4.102305,9.217599,-10.273375,9.372065,-1.063591,2.906694,-16.084013,-57.660156,31.832722,-45.181654,-17.951720,9.122774,-10.927432,50.949871,-44.965642,-31.419010,40.776827,-33.165401,31.267441,-13.255364,-44.652065
48.000000,41.744259,3.961785,76.660597,-0.900965,9.233911,1.622549,-5.754291,6.370800,5.882871,0.798784,-8.311781,-1.650207,-9.753616,-6.288466,-4.421514,8.978924,-10.122717,9.535313,-0.644934,2.957729,-16.063570,-61.771172,34.270184,-48.984621,-19.876455,8.905926,-9.637207,55.499976,-47.378874,-33.652605,43.153231,-35.122807,29.085029,-13.609924,-50.631970
49.000000,41.840690,3.940766,76.695830,-0.914330,9.111720,1.852374,-5.732036,6.367031,5.715403,1.090705,-8.312478,-1.698183,-9.373393,-6.331468,-4.693625,8.802913,-10.080721,9.624618,-0.437623,3.062561,-16.059443,-65.374438,37.103807,-52.660386,-21.888968,9.975091,-8.301853,60.412675,-49.523250,-35.368994,45.531540,-36.572624,27.459860,-14.567130,-54.264115
50.000000,41.958138,3.908923,76.710773,-0.928499,9.013600,1.986396,-5.628657,6.391174,5.608677,1.269740,-8.358324,-1.758160,-9.067160,-6.330882,-4.863565,8.706895,-10.131244,9.640222,-0.480596,3.261187,-16.179974,-68.649501,40.117355,-56.302363,-23.889246,11.363531,-7.289829,64.680846,-51.775460,-36.461261,48.289065,-37.558561,25.937898,-17.014570,-57.828473
51.000000,42.061466,3.862633,76.730394,-0.957214,8.831882,2.047524,-5.304950,6.457347,5.601208,1.210392,-8.298371,-1.719772,-8.688456,-6.258197,-4.942550,8.594679,-10.119954,9.611607,0.016764,3.127384,-16.405150,-72.637962,42.107396,-60.310427,-25.587781,12.561058,-6.098554,67.683616,-54.540601,-37.876268,50.745136,-37.990585,22.061395,-16.467007,-59.492334
52.000000,42.153096,3.833059,76.745993,-1.031650,8.702593,2.145884,-5.008532,6.553105,5.628443,1.027033,-8.234425,-1.815456,-8.371914,-6.168063,-5.087194,8.491729,-10.135693,9.654844,0.919601,2.870520,-16.789384,-77.805554,43.368512,-64.395399,-26.818856,14.966466,-4.891241,70.846465,-57.212403,-39.571005,52.742728,-38.833263,18.974525,-16.833280,-61.592385
53.000000,42.239195,3.816809,76.774722,-1.082194,8.667361,2.252040,-4.878869,6.603603,5.603888,0.940713,-8.097565,-1.973770,-8.180762,-6.117848,-5.225902,8.401702,-10.081756,9.788197,1.402650,2.630991,-17.123487,-83.285291,44.566182,-68.830077,-27.999312,17.686216,-3.747928,73.292595,-60.104114,-41.337568,55.125661,-39.612225,15.267443,-17.261363,-63.419802
54.000000,42.337245,3.802566,76.802158,-1.143381,8.707003,2.468807,-4.927270,6.633137,5.456899,0.993542,-8.002384,-2.094270,-8.016799,-6.101834,-5.492124,8.265519,-10.024717,9.956290,1.734166,2.385933,-17.514068,-88.629429,45.213226,-73.018629,-28.519525,19.963849,-2.627406,75.191770,-62.772375,-43.098541,57.227679,-40.013741,11.455122,-17.708958,-65.253981
55.000000,42.432806,3.792193,76.829016,-1.250645,8.729920,2.810815,-5.019332,6.676936,5.175075,1.087198,-7.945817,-2.192785,-7.762342,-6.066356,-5.883490,8.059118,-9.956223,10.047397,1.817498,2.182494,-17.794485,-93.140189,45.508140,-76.566619,-27.977753,21.107187,-2.271694,77.088329,-64.592949,-44.311276,58.400030,-39.557918,9.198013,-18.177761,-67.398852
56.000000,42.535761,3.793442,76.862103,-1.373398,8.727663,3.178516,-5.052612,6.725348,4.885687,1.126391,-7.843861,-2.312615,-7.447526,-6.027791,-6.298659,7.802519,-9.829115,10.169000,1.765486,1.995583,-18.001577,-96.574968,45.655836,-79.250904,-26.874569,20.447901,-2.172999,78.076821,-65.857367,-45.142363,58.718276,-38.803176,9.176233,-18.395576,-68.297165
57.000000,42.676145,3.811546,76.881641,-1.460429,8.666681,3.468229,-4.876316,6.741712,4.671140,0.988688,-7.781194,-2.427019,-7.055188,-6.019581,-6.668227,7.554898,-9.796493,10.293425,1.893923,2.071799,-18.204884,-99.251767,45.640547,-80.213974,-26.189954,19.812296,-1.599044,78.073632,-67.476737,-46.476507,59.428540,-38.315131,8.783739,-18.857150,-68.845896
58.000000,42.801028,3.837480,76.902312,-1.533840,8.582299,3.669553,-4.654908,6.756328,4.502655,0.844837,-7.703044,-2.440453,-6.713626,-6.006163,-6.954293,7.409300,-9.786452,10.478677,2.284357,2.345950,-18.457464,-100.888431,45.130557,-80.214090,-25.901319,18.121969,1.338118,76.799774,-69.694820,-48.285759,60.952444,-38.008838,7.340476,-18.806084,-69.311585
59.000000,42.905760,3.862368,76.941407,-1.576765,8.577958,3.775368,-4.530490,6.761642,4.454528,0.722065,-7.542370,-2.466378,-6.518240,-5.996580,-7.123072,7.264161,-9.709384,10.666193,2.376687,2.709890,-18.598113,-102.459695,45.161877,-80.214090,-25.525305,16.996185,4.468079,77.006667,-71.943598,-49.479895,62.765450,-37.837588,6.469544,-19.101997,-70.465006
60.000000,43.020421,3.876643,76.988351,-1.576433,8.674607,3.738500,-4.479741,6.750982,4.483646,0.621230,-7.351882,-2.415848,-6.478300,-5.992542,-7.146662,7.141608,-9.571338,10.732628,2.021573,3.360406,-18.517498,-103.657983,46.344217,-80.214090,-25.104888,14.772999,7.185995,76.880910,-74.680988,-49.793756,64.774195,-36.766389,7.033622,-18.792714,-70.872529
61.000000,43.128359,3.865153,77.079493,-1.459060,9.082330,3.341969,-4.516087,6.694908,4.996468,0.166087,-6.796930,-2.273685,-6.936842,-5.998184,-6.739116,7.091115,-9.196169,10.554898,0.536657,5.216031,-18.080187,-105.002329,50.363042,-80.214090,-25.644384,12.796811,9.919250,76.103074,-78.957219,-47.489930,68.871147,-35.362529,6.951177,-15.046874,-70.308717
62.000000,43.221623,3.837821,77.158535,-1.446857,9.304746,3.052082,-4.273000,6.752537,5.404279,-0.514934,-6.175273,-1.991294,-7.181035,-5.895009,-6.488724,7.066936,-8.807438,10.350663,-0.399640,6.545419,-17.588630,-106.452501,53.376829,-80.214090,-26.680698,10.772870,13.386845,75.014465,-83.259316,-45.344909,72.545338,-34.351006,3.061682,-3.855083,-68.337320
63.000000,43.263841,3.849413,77.172542,-1.683137,9.125087,3.177650,-3.851812,6.982578,5.339275,-0.913933,-5.818713,-1.588895,-6.894991,-5.633601,-6.575541,7.007404,-8.394834,10.244279,0.189458,6.376580,-17.538406,-107.752757,52.653840,-80.214090,-27.632942,7.502591,18.083850,72.691436,-85.481798,-45.336047,74.627760,-36.563635,-4.153993,15.534949,-62.210968
64.000000,43.303934,3.860785,77.171636,-1.742216,8.994567,3.398095,-3.662363,6.996377,5.179886,-1.062949,-5.698627,-1.465595,-6.625874,-5.649773,-6.856839,6.955135,-8.330813,10.349953,1.078090,5.395399,-17.957457,-108.013281,50.583650,-80.214090,-27.407160,5.170594,20.793577,71.710518,-84.601168,-46.779938,74.014040,-38.256170,-3.971255,21.070288,-58.842612
65.000000,43.351081,3.893292,77.153778,-1.887254,9.087070,3.697571,-3.833655,7.060863,4.910554,-1.044458,-5.778644,-1.679002,-6.545305,-5.620484,-7.268930,6.828082,-8.314495,10.603704,2.258706,4.454652,-18.529919,-108.093365,48.451006,-80.214090,-26.896942,3.889243,19.898440,71.169417,-83.424170,-49.801901,72.517676,-38.939482,-2.802089,19.393726,-59.194613
66.000000,43.391812,3.913355,77.135122,-1.995186,9.321786,3.899918,-4.134160,7.103131,4.732427,-1.034330,-5.854266,-1.947034,-6.636419,-5.603366,-7.568275,6.645468,-8.318412,10.992855,3.595192,3.267555,-19.140751,-109.424248,45.943643,-80.214090,-24.201549,5.186552,20.977579,72.668268,-82.310623,-52.794862,70.707628,-38.978182,-1.045805,16.254435,-60.700239
67.000000,43.438637,3.915622,77.129650,-2.052229,9.639026,3.884262,-4.387933,7.152129,4.796266,-1.185279,-5.779444,-2.234202,-6.856922,-5.562827,-7.649973,6.417506,-8.246724,11.359513,4.591532,2.233325,-19.529241,-111.589705,43.908267,-80.214090,-20.656936,7.814460,24.210647,76.535671,-81.594731,-54.935614,68.790353,-38.803131,0.702971,12.795244,-62.571042
68.000000,43.462804,3.945216,77.145863,-2.127161,9.992376,3.742233,-4.662989,7.228453,4.985233,-1.362324,-5.693732,-2.538853,-7.163525,-5.477735,-7.593726,6.163310,-7.974877,11.573484,5.375677,2.036537,-19.673542,-112.457589,43.347106,-80.214090,-20.661975,8.914322,21.451317,77.153373,-81.709095,-56.456237,68.530341,-38.779403,1.962110,9.077878,-64.377012
69.000000,43.485904,3.967237,77.159238,-2.197000,10.349931,3.605919,-4.968292,7.304804,5.112819,-1.488355,-5.606568,-2.775906,-7.470350,-5.387218,-7.536041,5.897275,-7.729869,11.705772,5.905764,2.043133,-19.815494,-112.734601,43.491629,-80.214090,-21.201657,9.784360,17.602058,76.835004,-81.994850,-57.712947,69.109118,-38.780800,3.487416,5.015444,-66.043415
70.000000,43.499872,3.988262,77.174795,-2.250327,10.657326,3.460506,-5.254194,7.369503,5.237608,-1.546377,-5.562552,-3.032201,-7.759080,-5.312649,-7.473197,5.695974,-7.546884,11.765324,6.143764,2.149656,-19.724381,-112.879190,44.089329,-80.214090,-21.576525,10.415404,13.446365,76.629661,-82.342923,-58.376192,69.314665,-38.443781,5.055114,0.463863,-67.819762
71.000000,43.514508,4.009901,77.178848,-2.301977,10.924911,3.391927,-5.552823,7.411475,5.255477,-1.531742,-5.575884,-3.265246,-8.034809,-5.258931,-7.448511,5.594784,-7.475458,11.815333,6.109136,2.248026,-19.640665,-112.649238,44.641560,-80.214090,-21.756103,10.519854,9.204479,76.990814,-82.357205,-58.664625,69.294783,-37.888241,6.755842,-4.605160,-69.487210
72.000000,43.512902,4.053599,77.185625,-2.354079,11.136426,3.358370,-5.806621,7.431732,5.287095,-1.509286,-5.618626,-3.491179,-8.280333,-5.243941,-7.450974,5.568591,-7.395135,11.873876,5.929007,2.461342,-19.366615,-112.397518,45.273352,-80.214090,-21.829582,11.150615,5.076265,77.149418,-82.465996,-58.839033,69.215723,-37.203839,8.639181,-9.982645,-70.522646
73.000000,43.500483,4.099717,77.192658,-2.404571,11.337156,3.379742,-6.059545,7.433349,5.275345,-1.534740,-5.602961,-3.777241,-8.533466,-5.247230,-7.489123,5.572266,-7.329598,12.012763,5.381200,2.558228,-18.985711,-111.548710,45.840132,-80.214090,-21.873998,12.276769,1.126807,77.589282,-81.831048,-58.474540,68.294085,-36.641906,10.763984,-15.951596,-71.350601
74.000000,43.476012,4.135336,77.210587,-2.417773,11.523169,3.485705,-6.380633,7.379155,5.203246,-1.464730,-5.552006,-4.172436,-8.787242,-5.309165,-7.538417,5.612096,-7.258947,12.204186,4.032978,2.181728,-18.450766,-109.159373,46.386892,-80.214090,-21.565733,14.142325,-3.158821,78.375526,-79.475501,-56.847480,65.548035,-36.017705,13.483213,-21.971329,-71.289949
75.000000,43.478146,4.110807,77.215862,-2.302541,11.466792,3.587754,-6.722838,7.261620,5.036799,-0.672088,-5.880601,-4.209056,-8.868897,-5.452601,-7.494989,5.959004,-7.302317,12.201085,1.453255,0.321530,-18.185341,-102.388736,45.874645,-80.214090,-19.717621,13.565380,-7.210396,77.115923,-71.961541,-51.722089,57.866476,-34.509118,17.690887,-22.811961,-65.839704
76.000000,43.493232,4.144333,77.152640,-2.069003,11.289695,3.528231,-6.883998,7.013140,5.038486,0.164296,-6.517841,-3.769174,-9.009296,-5.750858,-7.256455,6.668731,-7.845551,11.675725,0.164604,-0.330867,-17.945309,-89.244406,44.274055,-73.944222,-18.108601,12.057137,-9.102795,72.415803,-61.985374,-45.354611,52.164757,-32.127256,23.628387,-22.221857,-58.631389
77.000000,43.521115,4.186694,76.971221,-1.866915,10.963859,3.539217,-7.084865,6.776438,4.734877,1.471010,-7.948239,-2.927158,-9.221140,-6.067110,-7.003010,8.035829,-9.249481,10.283674,-0.697154,-0.330734,-17.330898,-75.114165,41.064460,-66.603162,-14.582242,13.700055,-10.938714,66.833695,-51.098438,-37.626167,47.197775,-27.227308,24.708037,-20.559342,-51.571077
78.000000,43.573409,4.220435,76.696289,-1.712469,10.392465,3.529762,-6.792487,6.606648,4.323010,2.481717,-9.773135,-1.890920,-9.389076,-6.279185,-6.473452,9.935541,-11.105938,8.151972,-1.726323,-0.133702,-16.254327,-61.698110,36.645871,-60.137664,-10.442008,15.925348,-12.160753,61.527369,-40.681027,-29.207897,42.890620,-20.696021,24.676085,-18.742148,-41.954638
79.000000,43.688855,4.255751,76.404232,-1.725182,9.962076,3.492832,-5.949025,6.598492,4.058985,2.198710,-11.147886,-0.997123,-9.724165,-6.280278,-5.933346,11.993650,-12.985050,5.811834,-2.624735,0.285554,-15.580857,-48.816769,32.412092,-54.695175,-8.026568,17.139448,-12.453015,57.643484,-31.532282,-22.295266,41.003378,-14.810340,25.217000,-17.031876,-34.031291
80.000000,43.728486,4.274065,76.207811,-1.715505,10.014890,2.963980,-4.874216,6.670265,4.558229,0.335960,-11.292509,-0.770069,-10.573472,-6.144864,-5.156413,13.454422,-14.155962,4.649173,-3.146706,0.749950,-14.335814,-37.062270,29.695928,-51.044562,-3.368232,20.185425,-14.595056,54.709054,-24.972413,-19.704683,41.631752,-8.331285,26.222525,-16.448637,-26.802859
81.000000,43.759626,4.405538,76.241839,-1.728438,10.371304,2.353703,-4.174677,6.650216,5.347811,-1.529809,-10.538178,-1.081052,-11.369210,-6.053980,-4.561620,13.912129,-13.959121,4.798725,-3.594468,1.253227,-12.193373,-27.879528,27.212537,-49.076043,0.167788,16.747755,-16.131211,51.241729,-20.875240,-19.500345,44.054802,-4.178942,30.568590,-14.742504,-21.982540
82.000000,43.766999,4.476311,76.373547,-1.501101,10.839156,1.596307,-4.331045,6.481026,6.138370,-1.946096,-9.827674,-1.465378,-12.264936,-6.144645,-3.930560,14.173402,-13.308774,5.545397,-3.123382,1.041726,-10.365525,-23.145467,25.979219,-48.877848,-0.690661,16.631758,-16.313307,51.715447,-18.712258,-21.069428,46.891243,-5.291357,32.290290,-14.687555,-21.405087
83.000000,43.639478,4.508318,76.462239,-1.192186,11.464615,1.015654,-5.569588,6.258422,6.687836,-0.864961,-9.775751,-1.484293,-13.465395,-6.345245,-3.538513,14.560005,-12.965098,5.917041,-2.506181,0.680542,-9.672971,-22.613573,26.469975,-48.951798,-3.436442,19.584049,-16.204076,53.204162,-18.095317,-23.384850,47.914843,-9.064754,30.846213,-15.727310,-21.747896
84.000000,43.416411,4.488970,76.486087,-0.938851,12.485386,1.027083,-7.714817,6.007585,6.629910,0.666372,-9.945156,-1.450837,-14.958611,-6.642756,-3.526022,14.792853,-12.730073,5.927403,-2.466579,0.315691,-9.614184,-24.123439,26.716433,-48.247910,-5.495755,21.440754,-15.775150,54.355451,-18.709121,-23.953140,46.762426,-11.716191,29.530275,-16.659320,-23.503384
85.000000,43.200204,4.518801,76.445091,-0.937314,13.409319,1.418703,-9.567205,5.863635,6.143196,1.678723,-10.158486,-1.372437,-16.068428,-6.852457,-3.760999,14.712108,-12.603758,5.797461,-3.099369,0.503373,-9.756941,-25.899391,26.440991,-46.458725,-6.186099,21.608121,-15.666557,54.591588,-20.796808,-23.415051,45.011787,-12.745124,29.283869,-16.315001,-24.465372
86.000000,43.134838,4.560304,76.383942,-1.125456,14.213111,1.898723,-10.504244,5.834525,5.649504,1.319989,-9.919311,-1.366364,-16.683437,-6.898170,-4.082676,14.215768,-12.385877,5.792895,-4.190402,1.211645,-10.272864,-27.268670,26.308352,-44.335407,-6.451979,21.899849,-15.384972,54.631801,-23.603952,-22.496828,43.702245,-12.975732,29.293370,-15.718977,-24.784948
87.000000,43.196768,4.593735,76.345617,-1.407196,14.919478,2.132869,-10.632466,5.974956,5.467164,-0.106053,-9.289605,-1.380294,-17.035356,-6.726044,-4.334755,13.500999,-12.017609,5.843591,-5.350864,2.131655,-10.932202,-27.799717,26.253715,-42.427247,-6.904139,21.753813,-14.483035,54.846849,-25.683994,-21.302716,43.381612,-13.047374,29.587929,-15.462006,-25.834984
88.000000,43.316984,4.619280,76.329255,-1.662478,15.505060,2.318916,-10.673508,6.123063,5.369127,-1.316975,-8.663320,-1.388747,-17.185111,-6.557104,-4.666633,12.738663,-11.621970,5.938072,-6.147326,2.787575,-11.704375,-27.924964,26.970788,-41.282729,-8.318713,21.663909,-15.199857,54.799117,-26.916843,-20.714659,43.506194,-13.685110,29.665014,-15.583565,-26.563010
89.000000,43.532014,4.699351,76.268739,-1.727168,16.254420,2.476099,-11.186518,6.011959,5.166372,-1.745792,-8.450591,-1.091337,-17.350581,-6.670062,-4.937654,11.806903,-11.428454,6.300478,-6.191129,3.172959,-13.313162,-29.241474,28.192193,-40.843271,-10.373298,20.613548,-15.089819,55.113517,-28.711390,-21.504410,43.713330,-15.621925,30.567340,-15.435958,-27.749228
90.000000,43.636307,4.775907,76.228571,-1.384149,16.669314,2.030394,-11.374026,5.688221,5.529156,-1.891457,-8.363227,-0.659211,-17.499952,-6.934233,-4.450033,11.091759,-11.077531,6.819933,-4.954029,2.859559,-14.690825,-32.817092,29.331216,-40.971364,-12.430708,19.559635,-14.810961,55.446642,-32.094045,-23.258819,43.269279,-18.638442,30.657308,-15.445757,-28.597601
91.000000,43.933564,4.836862,76.292741,-1.257472,16.698213,1.693907,-10.849225,5.650459,5.990058,-2.332069,-7.950497,-0.905957,-16.819716,-7.013758,-4.508934,9.994480,-10.440496,7.768723,-3.550707,2.514976,-15.957238,-37.963049,30.356970,-41.575341,-13.861021,17.871467,-14.150306,56.039195,-35.539687,-25.281988,42.778673,-21.619844,31.771294,-15.695093,-31.844589
92.000000,44.189671,4.940585,76.419908,-1.254670,16.829186,1.683726,-10.546441,5.570315,6.219553,-2.860011,-7.085956,-1.506961,-16.274039,-7.155043,-5.032722,9.000455,-9.554487,8.842763,-2.505289,2.190887,-17.127886,-43.639387,31.348079,-43.112390,-15.117480,16.491480,-13.289966,57.538572,-38.867191,-27.828231,42.847949,-24.699564,32.074387,-16.288384,-36.041498
93.000000,44.466388,5.069615,76.560432,-1.356258,17.096723,2.205879,-10.738130,5.377193,6.006168,-2.984609,-6.296332,-2.090636,-16.017335,-7.427014,-5.973284,8.588963,-8.897622,9.767778,-1.899127,2.000994,-18.147823,-47.726814,31.412597,-44.384004,-16.031610,16.557038,-12.626963,59.049253,-40.233079,-30.637606,42.254733,-27.876565,31.246521,-17.358516,-39.676487
94.000000,44.790894,5.200734,76.653397,-1.058735,17.868264,3.245773,-11.494122,4.461369,5.365160,-3.620228,-4.987299,-2.167647,-17.227122,-8.596705,-6.936385,10.262800,-9.215488,10.024577,-2.093229,1.185955,-20.426985,-45.650498,28.352513,-45.830757,-17.065610,19.022079,-12.001291,60.717281,-35.928612,-30.157601,41.681530,-30.241322,28.532036,-18.525828,-43.017368
95.000000,45.255020,5.294579,76.606441,-1.609641,17.052348,4.145873,-10.903123,4.774766,4.295449,-2.217840,-6.510639,-2.167343,-15.673997,-8.263793,-7.498594,10.538010,-10.028986,9.526429,-2.885963,1.684806,-18.531391,-45.051849,27.969444,-44.818742,-15.923114,19.600433,-12.721190,58.905184,-32.101787,-30.110821,38.667668,-30.454362,27.291358,-17.808588,-40.036004
96.000000,45.652544,5.344327,76.392937,-1.825856,15.823483,4.996454,-9.981837,4.838197,3.254201,-0.785225,-8.532767,-1.482945,-14.083880,-8.324769,-7.936499,11.489877,-11.738485,8.257233,-3.670100,1.696976,-17.437079,-41.411194,27.466887,-44.672593,-13.848944,17.919888,-13.820204,56.061476,-27.159084,-28.529487,36.729790,-27.604254,28.574851,-16.505996,-36.076564
97.000000,46.029097,5.405635,76.087356,-1.786007,14.539299,5.226090,-8.454625,4.812063,2.710024,-0.104838,-10.530169,-0.045544,-12.655413,-8.437219,-7.943876,12.636817,-13.720306,6.820048,-3.764563,1.675472,-17.133436,-37.587655,26.095496,-44.546115,-11.429748,14.641188,-14.660852,53.741332,-23.307365,-26.011297,35.328088,-23.835508,30.865311,-14.983014,-33.138579
98.000000,46.386680,5.407220,75.952142,-1.636849,13.940390,4.906939,-7.130598,4.810969,2.934158,-0.457549,-11.077344,0.512267,-11.871744,-8.436982,-7.733740,13.013648,-14.552174,6.539524,-3.153209,1.515696,-17.997707,-38.823389,26.925895,-45.292719,-11.342252,14.260882,-15.134292,53.241543,-23.098687,-24.990023,35.136505,-23.411995,31.286474,-15.594282,-32.983851
99.000000,46.662349,5.405009,76.086557,-1.471234,13.851443,4.267482,-6.435663,4.859182,3.704800,-0.866209,-10.372004,-0.113444,-11.693193,-8.378186,-7.304062,12.944263,-13.791778,7.536132,-2.178392,1.292078,-19.463582,-43.530961,28.633852,-45.372994,-13.186648,16.368565,-14.743059,54.216419,-26.842179,-25.507461,34.764778,-25.967997,28.941202,-16.946065,-34.171559
100.000000,46.846393,5.420377,76.367760,-1.327266,14.114306,3.757016,-6.741563,4.845830,4.384066,-0.402770,-9.345205,-0.903780,-11.922397,-8.405547,-7.051772,12.714132,-12.297990,8.894602,-1.239424,0.853334,-21.007504,-48.175513,29.308082,-45.142660,-14.709466,17.556846,-14.129043,55.763925,-31.208265,-25.379777,34.002977,-28.124335,27.094606,-17.342556,-36.331538
101.000000,46.991208,5.469463,76.670766,-1.254633,14.414472,3.511703,-7.450068,4.816575,4.837978,0.581453,-8.498239,-1.461263,-12.230935,-8.420762,-6.788925,12.576177,-10.722763,9.798827,-0.993999,0.707533,-21.310098,-51.335278,29.093782,-44.625888,-15.560713,18.567292,-13.443761,56.779260,-35.157548,-25.089783,34.287051,-29.378235,26.180110,-17.546334,-38.490800
102.000000,47.097319,5.499738,76.892662,-1.239613,14.421528,3.547654,-8.087732,4.803349,4.907576,1.920580,-8.236699,-1.735710,-12.444260,-8.451342,-6.651058,13.047091,-9.982228,9.906856,-1.306835,0.662392,-20.656951,-51.480181,29.306105,-43.535079,-16.162277,19.936800,-13.146180,57.510808,-36.208127,-25.139249,34.233540,-29.705476,24.935779,-17.303629,-38.437982
103.000000,47.231948,5.498964,76.886737,-1.183586,14.180339,3.691678,-8.461184,4.745737,4.524781,3.433712,-9.014965,-1.640886,-12.539815,-8.564381,-6.508097,14.107572,-10.409497,9.569266,-1.846791,0.698883,-19.508362,-47.374889,29.114050,-42.261099,-16.249015,20.260476,-13.633710,56.734891,-33.293238,-24.498135,34.093675,-28.921196,25.252592,-16.886557,-36.769791
104.000000,47.429022,5.500187,76.568985,-1.077080,13.899112,3.768455,-8.556702,4.626817,4.100559,4.820688,-11.122622,-0.952779,-12.648359,-8.754463,-6.223492,15.582014,-12.373441,8.538649,-2.355042,0.816399,-18.533710,-41.210015,28.958144,-41.337548,-15.308283,19.272695,-14.431464,55.107561,-28.931537,-24.220093,34.461368,-26.874967,26.823191,-16.103284,-34.261267
105.000000,47.620574,5.486703,76.016498,-0.925423,13.577783,3.765792,-8.466848,4.485952,3.809201,6.090139,-14.014106,0.479212,-12.783691,-8.935705,-5.848718,17.271586,-15.363655,6.819458,-2.879525,1.051991,-18.088421,-36.053119,28.904800,-40.772551,-13.932564,17.373500,-14.900507,52.893620,-25.318886,-23.864783,34.764147,-24.082421,29.546528,-14.900963,-31.182354
106.000000,47.800615,5.463481,75.700122,-0.574866,13.122124,3.435951,-7.841218,4.199264,3.859907,6.654890,-15.430441,1.926768,-12.762967,-9.208318,-5.605649,18.648582,-17.358501,5.694773,-2.753174,0.904362,-18.252349,-35.605694,29.353520,-41.454693,-13.827645,16.111115,-14.904012,52.806040,-24.746028,-23.951317,35.647147,-23.475492,31.514592,-15.166806,-30.984976
107.000000,47.884935,5.450559,75.991642,-0.239503,12.902054,2.903570,-7.423161,4.009930,4.418140,6.604988,-13.898786,1.480600,-13.011679,-9.410223,-5.495554,19.441903,-16.112029,6.339432,-2.106445,0.526823,-18.988652,-39.185690,30.753760,-41.681926,-15.049497,17.254014,-14.657825,53.964894,-27.856626,-24.935296,35.743688,-25.327485,29.987133,-16.146728,-32.101998
108.000000,47.929335,5.464349,76.740307,-0.056741,13.116336,2.415804,-7.940021,3.943891,4.896563,6.985483,-10.426495,-0.066957,-13.721671,-9.335407,-4.834835,19.698281,-12.552631,7.990801,-1.411025,0.467884,-19.859076,-44.011458,31.292693,-41.796117,-15.879737,18.869794,-14.265357,55.314246,-31.887961,-25.287519,35.205653,-26.952181,28.429245,-16.259002,-32.852715
109.000000,47.917154,5.431870,77.696848,-0.339270,13.754983,2.328188,-9.370419,4.291363,4.728493,7.672112,-6.372392,-1.859931,-14.486707,-8.655030,-3.979170,18.790771,-7.907181,9.543450,-0.895736,0.790119,-19.792280,-49.778607,31.147527,-42.729144,-15.237146,18.963573,-13.498282,57.432335,-36.572685,-26.212410,34.735088,-27.538312,27.428930,-16.784104,-36.360628
110.000000,47.830912,5.434025,78.497249,-0.342018,13.885970,2.627104,-10.918099,4.059612,3.547262,9.458228,-3.501724,-3.171002,-15.145309,-8.553054,-3.398007,19.097904,-4.876021,10.507765,-1.100522,1.030281,-19.246104,-52.068301,31.292242,-43.421681,-15.198851,19.421643,-13.393883,58.222274,-38.187045,-26.796564,34.610150,-27.900696,26.058341,-16.745884,-37.327493
111.000000,47.726908,5.390805,78.920507,-0.382755,13.901672,2.872298,-12.404739,3.849654,2.048529,11.551866,-2.146247,-3.743185,-15.671362,-8.421336,-3.104998,19.576632,-3.062032,10.545506,-1.571559,1.356606,-17.976597,-51.481694,31.497301,-42.982831,-15.755940,20.108984,-14.019449,58.892876,-38.166219,-26.595044,34.871852,-27.724682,25.379108,-16.443245,-35.889567
112.000000,47.698727,5.313167,78.798622,-0.424644,13.809784,2.867322,-13.361399,3.730802,0.890802,13.499265,-2.623319,-3.909827,-16.167992,-8.199797,-2.783742,20.660086,-2.616383,9.972171,-2.122114,2.214010,-16.507199,-46.832985,31.360930,-39.672081,-17.617327,21.290960,-15.818626,58.502264,-36.411523,-26.018055,35.350242,-26.644973,24.525128,-15.244755,-28.284409
113.000000,47.867763,5.286551,78.130627,-0.464453,13.739340,2.719956,-13.385558,3.887619,1.343152,14.674527,-6.513800,-2.528898,-15.954342,-8.213022,-3.326870,21.198703,-6.181699,8.608762,-2.838163,2.516181,-16.082515,-41.787996,31.422507,-37.186808,-17.770224,20.096010,-16.576654,57.215255,-33.447689,-24.847832,34.846321,-25.257923,25.206079,-14.862659,-26.007815
114.000000,48.066059,5.231883,77.071941,-0.474344,13.583654,2.454414,-12.725657,4.274659,2.628349,15.144898,-12.058462,-0.597006,-15.637153,-8.261075,-3.781786,21.969160,-11.717588,6.744053,-3.505954,2.538689,-15.864672,-36.657817,31.359973,-35.061345,-17.669083,19.116296,-17.424919,54.764843,-30.875553,-24.095897,35.165649,-23.955405,26.763922,-14.361601,-24.940402
115.000000,48.130247,5.182630,75.974691,-0.350436,13.329665,2.073792,-11.693427,4.510426,3.792303,14.793512,-17.441778,1.687467,-15.547319,-8.425279,-3.943136,23.054441,-17.840312,4.719101,-3.672801,2.434928,-15.478172,-32.896103,31.222820,-33.992175,-17.246639,16.886161,-18.333111,52.222192,-28.814830,-23.965455,35.712184,-22.690722,28.985622,-13.376835,-23.880401
116.000000,48.063982,5.159942,75.313139,-0.015004,13.357628,1.546714,-11.171607,4.285557,4.341378,14.269898,-20.292764,3.837318,-16.009210,-8.681357,-3.634222,23.982196,-21.632116,3.430743,-3.266046,2.198274,-15.896973,-33.064478,31.551806,-34.942640,-16.782147,15.868720,-18.088805,51.948059,-28.859410,-24.767967,36.642192,-22.204808,29.765380,-13.530378,-23.831486
117.000000,47.925568,5.180678,75.504869,0.233558,13.457472,1.217695,-11.291550,4.082624,4.670580,14.157790,-19.127098,3.547359,-16.650413,-8.911204,-3.512188,24.595539,-20.750545,4.084711,-2.405477,2.197156,-16.926293,-36.563475,31.466880,-36.318718,-16.644333,16.857498,-17.522335,53.258485,-30.899977,-25.732932,36.760628,-22.603637,28.991124,-14.017772,-24.082948
118.000000,47.903728,5.128816,76.204157,0.090102,14.057521,1.244918,-11.916848,4.260677,4.297644,13.443191,-15.304333,1.489082,-17.043258,-8.734475,-3.742700,23.529814,-16.543534,5.940796,-2.603038,2.595485,-17.984614,-41.902234,31.963137,-37.072607,-16.718056,17.561781,-16.305501,54.939491,-34.643245,-25.364244,35.661087,-23.321193,27.980290,-14.298584,-24.558300
119.000000,47.929385,5.090417,76.957047,-0.025690,14.374668,1.305932,-12.459211,4.319923,3.594438,13.157505,-11.642640,-0.095634,-17.288807,-8.342519,-2.888303,22.700849,-12.555206,7.325509,-2.505227,2.763413,-18.683212,-48.146772,32.961561,-38.547265,-17.501415,18.873966,-15.232717,56.333385,-39.169240,-26.081982,35.260636,-24.669296,26.590878,-15.023232,-26.209756
120.000000,47.866181,5.082028,77.431595,0.006325,14.280163,1.491408,-13.116893,4.182921,2.897194,14.033083,-9.797155,-0.980052,-17.665335,-8.180549,-1.786465,23.115582,-10.474773,7.993273,-2.549076,2.843811,-19.159287,-52.660707,33.550774,-40.317510,-18.003096,19.785332,-14.725632,57.421004,-42.376768,-27.042876,35.583599,-25.526398,26.182644,-15.387574,-27.129749
121.000000,47.819254,5.070513,77.563679,-0.023688,14.109037,1.680518,-13.505635,4.143834,2.430493,14.899533,-9.522514,-1.200306,-17.750492,-8.044990,-1.126841,23.448454,-9.996743,8.006562,-2.746037,2.886716,-19.133380,-55.479332,33.874617,-42.075092,-17.696301,19.961551,-14.328857,58.774830,-44.522499,-28.049417,36.487492,-25.533093,25.234200,-15.877639,-29.436995
122.000000,47.891754,5.035865,77.338141,-0.084524,13.569633,1.905172,-13.199111,4.217071,2.250327,15.759878,-10.819762,-1.099863,-17.156450,-8.011849,-1.172563,23.932308,-11.246648,7.641315,-3.226992,2.977691,-18.973174,-55.131911,33.546826,-43.266991,-16.906086,19.846928,-14.367994,58.908462,-43.862471,-27.899144,36.488281,-24.965168,25.015850,-15.708991,-29.326425
123.000000,48.084664,4.970368,76.792532,-0.096689,12.939274,2.036128,-12.328801,4.364134,2.528225,16.249338,-13.593493,-0.441880,-16.214685,-8.114658,-1.761583,24.440493,-14.234965,6.833948,-3.773018,2.844165,-18.860241,-51.683423,32.990927,-42.613461,-16.426721,19.112667,-14.878131,57.757200,-39.879525,-26.673851,35.062363,-24.433115,25.712876,-15.511672,-27.986990
124.000000,48.284271,4.909388,76.066470,-0.033020,12.249708,1.949829,-11.134137,4.493580,3.072486,16.419911,-17.279812,0.851738,-15.039633,-8.392510,-2.635999,24.663934,-18.031687,5.893570,-4.231991,2.657185,-18.107467,-46.317299,32.526409,-40.908551,-16.433744,18.506445,-15.544102,55.760124,-34.794674,-25.247021,33.738331,-24.151146,26.292600,-14.967057,-26.383178
125.000000,48.416033,4.836722,75.333643,0.103343,11.657174,1.752660,-10.252934,4.503554,3.377149,16.887037,-21.003977,2.568643,-14.211009,-8.576194,-2.916252,25.100843,-22.115015,4.672777,-4.416530,2.204351,-17.797023,-40.442680,32.274966,-39.358555,-16.441008,17.152835,-16.578819,54.241596,-29.994738,-24.480576,33.236909,-23.650840,28.641353,-14.456259,-25.515724
126.000000,48.414534,4.810872,75.001568,0.298057,11.124766,1.360217,-10.025658,4.396933,3.521173,18.138413,-22.878250,4.212548,-14.213193,-8.549023,-2.172358,26.407955,-24.056502,3.693016,-4.087443,2.043892,-17.782454,-36.799406,31.497434,-39.132961,-15.995101,14.383514,-17.086434,53.293798,-26.943793,-24.581369,33.972869,-23.201299,31.251449,-14.216393,-25.514930
127.000000,48.396927,4.819182,75.331795,0.393000,10.483013,0.952426,-9.592407,4.499817,4.073715,18.824140,-21.524701,3.535392,-13.986562,-8.380981,-1.584409,26.944263,-22.288683,4.148557,-3.337033,2.252889,-18.275028,-38.081474,31.139604,-40.084341,-15.889778,14.502831,-16.974712,53.841333,-27.546202,-25.718849,34.477425,-23.789149,30.789571,-14.525365,-26.040113
128.000000,48.363239,4.793420,76.239669,0.088468,9.959940,0.757847,-7.714692,4.956527,4.404959,15.711293,-16.280980,1.365748,-12.377516,-7.766244,-1.459330,24.156371,-16.926028,5.599396,-2.364243,2.834197,-18.231272,-44.623204,30.925573,-41.895359,-15.640044,16.442021,-16.056062,55.772483,-30.818066,-26.909139,32.857438,-25.146526,28.869997,-14.835862,-25.514351
129.000000,48.233029,4.771228,77.183646,0.076278,10.388364,1.102474,-8.016509,4.767226,3.563438,14.140425,-10.947643,-0.632379,-12.324606,-7.701084,-1.423688,22.360060,-11.664710,7.574241,-2.242683,3.090456,-19.444415,-51.135219,31.019430,-44.413124,-15.587943,17.394245,-15.477531,56.594831,-34.373306,-27.946081,31.864243,-25.963526,28.061673,-15.495553,-26.660090
130.000000,48.005322,4.861452,77.900672,-0.089772,11.141686,1.739895,-9.915233,4.432958,1.866867,14.788929,-7.583465,-1.926637,-13.163841,-7.692525,-1.334475,21.665988,-7.595866,9.403391,-2.766388,4.401735,-20.051221,-56.605183,31.272629,-47.130006,-15.295005,17.533109,-14.818124,58.028584,-37.050696,-29.266066,31.270966,-26.502230,26.792445,-16.489711,-28.695885
131.000000,47.764659,4.999531,78.193921,-0.290249,11.569587,2.570220,-11.837260,4.079459,0.545525,16.510726,-6.638705,-2.451451,-13.964728,-7.775563,-1.149656,21.999493,-5.848308,10.562688,-3.689956,6.042204,-19.942312,-59.992543,31.454251,-50.523616,-15.370649,16.964598,-14.427897,59.051637,-37.228523,-30.429172,30.149780,-27.065958,25.763163,-17.099146,-30.195908
132.000000,47.585490,5.125961,78.038454,-0.708881,11.670590,3.568716,-12.967832,4.020278,-0.267775,17.855627,-8.009817,-2.232903,-14.053394,-7.780797,-1.551255,22.228062,-6.519535,10.876362,-4.986345,7.818322,-18.971815,-61.640572,30.691844,-53.662631,-14.835828,16.531870,-13.942014,60.141537,-34.856378,-30.479371,28.701917,-27.722184,25.064470,-17.431056,-31.452154
133.000000,47.525337,5.179460,77.414900,-1.046813,11.305822,4.321890,-12.820414,4.224311,-0.375206,18.476628,-11.402769,-1.306447,-13.285541,-7.914961,-2.677930,22.376808,-9.820500,10.401453,-6.382648,8.874609,-17.703254,-60.249222,28.614092,-54.670955,-13.792894,16.862724,-14.213343,59.523596,-30.118214,-28.799168,26.338748,-28.225419,24.509654,-17.695207,-31.014974
134.000000,47.595710,5.126389,76.440954,-1.097621,10.771167,4.638541,-11.858008,4.570243,0.081389,18.537933,-16.221238,-0.421721,-12.234407,-8.298577,-4.314696,22.696048,-15.183061,9.273044,-7.812833,8.876067,-17.097461,-55.634923,27.036175,-52.940977,-12.942520,17.835164,-15.261547,56.832109,-24.244091,-26.169349,23.831051,-28.463459,24.548538,-17.600708,-28.483450
135.000000,47.615796,5.021715,75.413525,-0.777610,10.423080,4.244088,-10.904266,4.604462,0.404078,18.368568,-21.038127,1.011076,-11.916133,-8.847133,-5.271723,23.565517,-21.218642,7.429099,-8.401091,7.964403,-16.940131,-48.973460,26.288739,-49.755466,-12.526577,16.575368,-16.226093,54.147820,-19.452102,-24.374331,23.195768,-27.911624,26.638726,-16.770102,-26.509870
136.000000,47.504264,4.962274,74.920982,-0.265256,9.956075,3.404637,-10.760652,4.330852,0.894282,19.780271,-23.487229,3.078597,-12.800373,-9.082557,-4.023181,26.134879,-24.351089,5.672742,-7.815651,6.881475,-16.637374,-44.608802,26.487241,-47.604281,-11.672141,14.509458,-17.144031,51.609340,-17.601273,-24.832707,24.667658,-26.797276,29.454887,-15.904152,-25.171421
137.000000,47.372401,5.005112,75.279057,0.215488,9.466477,2.560587,-10.697832,4.174929,2.382261,20.845613,-21.946984,2.259472,-13.623486,-9.314235,-2.989381,27.925013,-22.461849,6.661843,-6.242967,6.075467,-16.182750,-45.854133,26.644834,-48.516777,-12.080194,13.424506,-16.987423,51.380300,-19.252884,-27.108365,26.581723,-27.167841,29.921293,-15.718625,-24.836663
138.000000,47.310671,5.028624,76.160896,0.252729,9.391564,2.170996,-9.526954,4.232036,2.894772,18.242117,-16.981327,0.201697,-12.701759,-9.097185,-2.817091,25.365492,-17.386071,8.672967,-4.479904,5.785192,-15.906332,-52.208105,26.734602,-50.360829,-12.905800,15.372027,-15.697235,54.380948,-23.760268,-29.520590,27.002986,-28.683933,27.653899,-16.119564,-26.247618
139.000000,47.223613,5.026874,77.042079,0.110624,9.951496,2.389358,-9.475043,4.197410,2.400089,15.894953,-11.922932,-1.502308,-12.215245,-8.893799,-3.038006,22.475277,-12.176056,10.524326,-3.691543,5.556636,-16.619781,-57.751230,26.421431,-51.511828,-12.785181,16.241478,-14.582150,57.129874,-28.976873,-31.166829,27.471465,-29.400529,25.972653,-16.276959,-29.167435
140.000000,47.023761,5.060492,77.655047,-0.089112,11.095601,2.859058,-11.152656,4.040723,1.461447,15.400625,-8.450746,-2.503956,-13.097682,-8.732813,-2.933870,20.994072,-8.305855,11.717388,-3.896628,5.667048,-17.512286,-61.020418,26.907424,-51.599702,-12.746477,16.330038,-14.530324,58.099338,-32.883280,-32.276435,27.349000,-29.422642,26.328107,-15.866237,-29.427949
141.000000,46.751508,5.084213,77.927899,-0.321183,11.817383,3.488771,-13.074995,3.827255,0.144459,16.477208,-7.287451,-2.910871,-14.003454,-8.674635,-3.079791,20.746191,-6.551759,12.263092,-4.691163,5.931250,-17.226482,-61.070176,27.072257,-51.254962,-13.241873,18.128002,-14.856071,58.940755,-33.877848,-32.323290,27.569618,-29.726807,25.024713,-17.044035,-29.985941
142.000000,46.519837,5.034448,77.801329,-0.635570,12.143328,4.061458,-14.430298,3.856038,-0.633920,17.781933,-8.418142,-2.708986,-14.494491,-8.584201,-3.740351,20.970095,-7.284718,11.821270,-5.620579,6.236798,-15.794071,-57.615665,26.583137,-49.851416,-13.795000,19.306675,-14.964004,58.112807,-31.319020,-30.789543,27.270172,-29.940882,24.181971,-17.068115,-29.478260
143.000000,46.411175,4.911124,77.204376,-0.744875,12.073809,4.221642,-14.818632,4.045827,-0.554668,18.900703,-11.844511,-1.832574,-14.596258,-8.665540,-4.658348,21.733804,-10.800210,10.763697,-6.201645,5.883439,-14.132502,-51.178577,25.674574,-47.688763,-13.629446,18.801868,-16.051438,56.309210,-25.537005,-27.759902,26.718718,-29.144096,24.288194,-16.829036,-28.376531
144.000000,46.310642,4.763008,76.165897,-0.764293,11.521600,4.036336,-14.275597,4.503904,0.199285,19.778249,-17.389110,-0.673537,-14.373107,-8.804279,-5.601471,23.099054,-16.876899,9.289534,-6.438105,4.990526,-12.703191,-43.921808,25.474152,-44.376569,-13.387368,17.964214,-18.278573,52.217455,-20.235564,-24.702356,25.954799,-27.572239,25.604841,-16.147494,-25.732528
145.000000,46.141428,4.590606,74.990910,-0.598067,10.932743,3.602346,-14.353067,4.680124,0.163977,21.980346,-23.353424,2.204096,-15.078218,-8.770959,-4.994084,26.107186,-23.667731,6.628960,-6.018095,3.893700,-12.313275,-39.612898,26.514683,-41.220530,-14.493011,16.126942,-19.256848,49.479485,-19.066830,-24.352980,26.294437,-27.239942,28.305096,-14.867104,-23.058712
146.000000,45.830530,4.482007,74.645251,-0.105867,10.902341,2.943687,-16.552265,4.378229,0.536679,26.502090,-24.838128,3.983985,-18.057543,-9.015979,-3.706092,31.303747,-25.388493,5.333927,-4.133191,2.476822,-12.503980,-40.994020,27.809173,-40.149467,-16.655937,17.009580,-18.801248,51.931728,-21.300242,-25.114643,27.672872,-28.740108,27.332160,-15.536700,-23.964482
147.000000,45.738658,4.455161,75.220805,0.057787,11.786899,2.652838,-18.066692,4.408200,1.009898,27.142730,-21.695030,1.774535,-18.973834,-9.161007,-3.695882,30.464433,-22.111599,6.847076,-2.248895,1.515391,-13.397449,-46.598498,29.333665,-40.458892,-18.193404,18.351508,-17.040888,53.917226,-28.351203,-26.699624,30.061274,-29.994154,25.248525,-15.878817,-26.480153
148.000000,45.924917,4.346909,76.527148,-0.316963,12.348653,3.229203,-16.143627,4.564258,-0.126846,21.051280,-14.158974,-1.194867,-15.885785,-8.722049,-4.987659,22.959476,-14.465613,9.438515,-0.275095,0.877606,-14.580171,-52.787602,30.612420,-41.505738,-18.140127,18.976000,-15.905501,56.886535,-35.960342,-28.737533,32.085954,-29.715414,24.491294,-15.729249,-28.101519
149.000000,46.158993,4.272193,77.705216,-0.143643,13.301608,3.193840,-15.301229,4.268818,-0.796988,16.608269,-6.671004,-3.619540,-15.027379,-8.655599,-4.954819,18.605060,-7.106197,12.164970,2.392969,-0.609677,-16.512797,-56.485425,32.006393,-42.222071,-18.065492,19.012351,-15.711131,58.921201,-41.255176,-30.511244,34.062635,-29.391506,25.104357,-15.668913,-28.598016
150.000000,46.212980,4.221273,78.589934,-0.083050,14.520885,3.164514,-16.338630,4.045940,-1.146111,15.145282,-1.327462,-5.625512,-15.877625,-8.547740,-4.400314,16.808395,-1.658405,14.163990,4.160460,-2.114459,-17.907383,-57.415076,33.753221,-41.636765,-18.678844,19.919980,-15.463046,60.300359,-44.995189,-31.370782,36.986092,-29.621325,25.652859,-16.227903,-31.274145
151.000000,46.085766,4.126879,79.021084,-0.101337,14.991891,3.517745,-17.842172,3.802704,-1.376615,16.215178,0.719989,-6.393825,-16.860342,-8.591597,-4.242677,17.299329,0.374908,14.999799,5.319443,-3.626319,-18.295667,-55.545660,34.472542,-40.633711,-19.470122,20.474885,-15.640670,60.592159,-46.187778,-31.196677,39.371522,-29.557422,24.476067,-16.178012,-31.040464
152.000000,45.948824,4.094569,78.874618,0.042422,14.859982,3.957097,-18.889698,3.313870,-1.499067,18.237355,-0.673127,-5.461237,-17.417035,-8.928825,-3.881342,18.798286,-1.061596,14.401070,6.071151,-4.829902,-17.515600,-51.754789,34.199392,-38.717825,-20.043960,21.342565,-15.630903,60.601632,-45.421410,-29.440864,41.808199,-28.713282,23.912484,-16.507111,-31.875031
153.000000,45.969674,4.032191,78.088480,0.167192,13.857589,4.326306,-18.655864,3.218959,-1.257630,20.694864,-5.495055,-3.704328,-17.208098,-9.105705,-3.781047,21.491066,-6.112974,12.057029,6.818272,-5.531833,-16.152255,-46.515006,33.356776,-36.013890,-20.173194,22.094947,-16.254025,59.140149,-42.849909,-26.925383,41.860269,-27.200650,23.162679,-15.778458,-30.171367
154.000000,46.211460,3.920724,76.774526,0.133813,12.643458,5.109975,-17.739226,3.454489,-1.143871,22.874666,-12.759559,-2.056410,-16.278984,-9.579188,-5.246163,24.408545,-13.988741,9.501324,7.060085,-6.160702,-15.100124,-40.330167,32.442483,-33.309607,-20.529974,21.387262,-16.862412,56.560967,-38.194131,-23.637157,40.255202,-25.610971,23.081506,-15.133198,-28.768016
155.000000,46.367404,3.808425,75.245577,0.035800,11.397488,5.963686,-17.071769,3.648946,-1.621110,25.353995,-20.929491,0.195540,-15.347042,-10.075857,-6.775599,27.446226,-23.117817,6.684195,7.178262,-6.563435,-14.118303,-34.504634,32.397981,-30.468070,-20.912767,19.671915,-17.478538,54.318643,-33.388919,-21.255168,38.277456,-24.429159,25.141366,-13.634523,-24.822798
156.000000,46.293420,3.741867,74.118567,-0.004417,10.594300,7.048553,-18.431634,3.164082,-2.961792,29.939981,-26.279114,3.137120,-16.634292,-10.569259,-6.916753,33.175393,-29.030770,4.237571,7.363221,-6.957257,-14.082793,-30.249101,32.958675,-28.699284,-21.371838,17.490071,-18.216318,52.593000,-29.931030,-20.535211,36.959359,-23.655684,27.613847,-12.967166,-22.127574
157.000000,46.319121,3.747202,74.129879,0.135911,10.345718,8.051554,-19.954519,2.518751,-3.249329,33.161572,-25.855555,2.990490,-17.503941,-11.293943,-7.305319,36.110090,-28.515230,4.881577,7.858349,-7.772216,-13.571064,-29.996114,33.599111,-28.834651,-22.197988,16.761452,-17.975627,52.108336,-30.381020,-20.409614,38.031975,-23.832770,27.997572,-13.049168,-22.001557
158.000000,46.629238,3.685917,75.256377,-0.149801,10.153275,9.234899,-17.729769,2.553004,-4.089930,28.360767,-20.282894,0.894263,-14.099174,-10.944232,-8.947918,30.380080,-23.073038,6.240006,8.637713,-7.969232,-13.913170,-33.611439,34.853226,-29.583612,-23.036551,17.429733,-17.358958,52.852704,-34.948931,-21.040089,39.429951,-24.470534,27.311782,-13.311609,-22.559220
159.000000,46.872413,3.642709,76.478225,-0.416146,10.883296,9.667277,-16.724319,2.605470,-4.803496,23.919456,-13.463624,-1.106805,-12.827215,-10.434360,-9.644271,25.866176,-16.358158,7.610947,10.529147,-8.282288,-15.738709,-39.168352,35.471310,-30.659650,-22.391734,18.988479,-16.611561,54.832178,-40.317971,-21.912698,40.210594,-24.678484,25.655553,-14.046110,-24.651275
160.000000,46.814862,3.690251,77.583641,-0.341131,13.066625,9.690643,-18.375902,1.972198,-4.823941,21.215356,-6.638496,-2.459064,-15.049594,-10.732103,-9.375741,24.234000,-10.142608,8.759701,12.894492,-9.930544,-17.907450,-44.573422,35.201924,-32.016689,-20.886022,19.539892,-16.235751,55.478550,-44.553754,-22.701032,40.414342,-24.393387,24.699783,-14.826327,-26.262228
161.000000,46.645856,3.686720,78.504777,-0.724056,14.138159,10.278068,-19.451178,1.829754,-5.184822,19.374875,-1.524821,-4.006616,-15.979771,-10.525743,-9.710008,22.660993,-5.324547,9.357290,14.175289,-10.258516,-18.094442,-47.730561,34.744858,-32.507356,-19.688864,20.673371,-16.191385,56.320849,-47.802694,-23.904009,41.153249,-24.382677,24.169727,-15.333571,-27.009698
162.000000,46.383682,3.666708,78.962958,-1.030842,14.122173,11.187502,-20.452202,1.555232,-5.832074,19.999863,0.167801,-4.817497,-16.352059,-10.536621,-10.062230,22.923037,-3.777929,9.247192,14.422025,-10.212356,-17.001328,-47.559997,33.896767,-32.593673,-19.454325,22.909066,-15.732272,57.461760,-48.584037,-24.481401,42.119092,-24.776718,24.134728,-15.544874,-26.477683
163.000000,46.203110,3.634249,78.903186,-1.348681,13.935938,11.868260,-20.882516,1.533402,-6.486973,20.552925,-0.745653,-4.872032,-16.362613,-10.334120,-9.963248,23.184427,-4.683415,8.497386,14.335981,-10.103294,-15.465427,-45.403928,32.467967,-31.846505,-19.069176,23.617857,-15.623236,57.756845,-46.852629,-24.299788,42.492444,-24.420039,24.374862,-15.370408,-26.075022
164.000000,46.099722,3.675536,78.225690,-1.525962,13.874383,12.419856,-21.091168,1.419758,-7.033917,21.449475,-4.003180,-4.217049,-16.452473,-10.354835,-9.669781,24.083840,-7.741441,7.841265,14.057506,-10.287070,-14.436544,-40.930981,30.558109,-30.220964,-18.795065,23.289804,-16.126012,56.615394,-42.646769,-23.529667,42.141079,-23.894546,25.387873,-15.524778,-26.683821
165.000000,45.974079,3.741882,77.007282,-1.426961,13.798852,12.931135,-21.282087,1.270063,-6.654500,22.705530,-9.898081,-2.193616,-16.614830,-10.868399,-9.578703,25.787514,-13.507628,7.004196,13.470102,-10.467077,-13.499141,-35.644654,28.749055,-28.649283,-19.117066,22.079971,-17.729405,54.275118,-37.444907,-23.017866,40.914356,-23.620777,25.810718,-15.021483,-25.407148
166.000000,45.875728,3.780767,75.526267,-1.141388,13.502921,13.315842,-21.434599,1.168221,-5.451019,24.525565,-17.352948,0.656833,-16.742908,-11.659624,-9.742196,28.150963,-21.334371,5.293448,13.211064,-10.556144,-12.432268,-32.195951,27.651630,-28.607675,-19.706846,19.330713,-19.849539,50.912841,-32.240030,-23.638277,38.551582,-24.115392,27.475940,-14.025174,-22.516998
167.000000,45.598388,3.827979,74.347454,-0.781983,12.671503,13.434122,-22.371199,0.716689,-5.447405,28.686327,-23.125316,3.436408,-17.797214,-12.218369,-8.946088,32.652973,-27.537643,2.699618,11.423185,-9.859302,-11.969530,-30.858252,28.636748,-29.732797,-20.254306,16.876870,-19.129721,49.179257,-28.596948,-23.644541,37.045679,-24.482458,28.681030,-13.635907,-21.709013
168.000000,45.437568,3.914792,74.343270,-0.315867,12.358641,12.648368,-23.389675,0.585280,-4.263842,31.739138,-22.918365,3.300247,-19.910435,-12.601735,-7.668490,36.848570,-27.013919,2.988540,9.670214,-8.827739,-11.860169,-32.928250,29.685819,-32.474964,-20.649943,16.306153,-17.488078,50.400229,-27.565137,-24.466614,36.835743,-25.279444,28.254396,-13.231524,-21.731797
169.000000,45.450690,4.182004,75.455678,-0.198032,12.201282,11.208426,-21.027890,1.301461,-2.677385,27.482214,-17.821989,0.983280,-18.487889,-11.918081,-6.382749,32.749046,-21.129923,5.728510,8.191699,-6.656075,-12.602153,-38.200227,30.332057,-36.299430,-20.267082,16.854690,-16.607345,53.441483,-29.325677,-26.318905,37.324675,-27.177289,27.339096,-14.171230,-25.050559
170.000000,45.514268,4.575058,76.834524,-0.406558,11.996746,9.414973,-18.175053,2.134764,-1.875810,22.269343,-11.198955,-1.430115,-16.379603,-10.618256,-4.555186,26.947651,-13.263531,8.856523,6.309940,-3.254718,-14.442225,-43.442114,30.799034,-39.144637,-20.244503,17.878894,-15.255379,54.824508,-32.704240,-28.255953,37.481602,-28.318664,26.565804,-14.242418,-26.677913
171.000000,45.470512,4.979942,77.979261,-0.180291,13.111422,6.662490,-17.128946,2.451154,-0.881432,18.041455,-4.759832,-3.445563,-17.530761,-9.876417,-2.150331,23.937335,-6.369177,11.372431,4.586803,-0.412293,-16.938919,-48.812804,31.900276,-41.628412,-20.001714,18.047704,-15.187827,56.591829,-36.461992,-29.344436,37.745691,-28.719624,25.370488,-14.917362,-29.178889
172.000000,45.290780,5.302094,78.658307,0.162322,13.990019,3.967133,-17.208317,2.668504,-0.254714,16.514349,-1.179653,-5.053162,-19.492615,-9.307830,-0.458923,23.384901,-2.286088,12.679657,2.441339,2.444533,-18.108365,-53.543390,33.267714,-44.539547,-20.062832,18.536030,-14.835888,58.163268,-39.232122,-29.463336,37.168530,-28.619935,23.864169,-15.907311,-30.373588
173.000000,45.067215,5.543773,78.798246,0.675063,13.792977,1.535118,-17.398213,2.754872,0.468371,17.874170,-1.271042,-5.240899,-20.689664,-8.991135,0.606085,24.403351,-1.632710,12.748365,-0.346765,5.114378,-17.742767,-56.065755,34.524417,-47.621827,-20.567253,18.901372,-14.309294,58.739381,-39.638460,-28.626267,36.735991,-28.326234,23.714325,-16.398514,-30.780145
174.000000,44.849524,5.710281,78.393805,1.205134,12.740106,-1.149700,-16.891606,3.115204,2.170765,20.423502,-4.815671,-3.922869,-21.085887,-8.520856,1.838704,25.980525,-3.973509,11.614171,-3.259963,6.941249,-15.780531,-56.821962,35.016761,-49.477634,-20.335498,18.966776,-14.113125,59.244651,-38.774441,-27.053765,36.273577,-27.624755,22.961283,-16.065187,-31.003868
175.000000,44.730002,5.841069,77.365261,1.850007,11.198442,-4.017851,-15.701953,3.650300,5.203280,23.549884,-11.435431,-1.689004,-21.300351,-8.267632,3.339062,28.635797,-9.359137,10.077875,-6.058550,7.691782,-13.374387,-54.560917,34.278240,-49.161192,-19.620378,18.719440,-14.384440,58.255920,-35.997604,-25.161952,35.157562,-26.655710,21.676087,-16.022953,-30.534327
176.000000,44.666940,5.874487,75.811189,2.465199,9.686054,-6.805552,-14.336681,4.533089,9.247850,26.777533,-20.051135,0.909036,-22.070675,-8.141488,4.866210,32.546087,-17.297008,8.192724,-9.271695,7.754983,-11.577786,-49.809069,32.932399,-47.597099,-19.209723,18.218083,-14.585294,56.735882,-31.809851,-23.459724,33.963689,-25.785848,22.295669,-15.662503,-29.367276
177.000000,44.532213,5.832813,74.071831,2.941105,8.119102,-9.346392,-13.357216,5.306091,12.259976,30.659421,-29.030083,4.295159,-23.751937,-7.305089,7.596698,38.451510,-25.617203,5.865840,-13.319207,7.302195,-10.161471,-43.719901,31.526384,-45.939576,-19.233148,16.859093,-15.358239,54.238457,-26.839274,-22.764776,32.760036,-25.003521,23.846699,-15.428757,-27.914153
178.000000,44.325641,5.843000,72.933716,3.356580,6.626857,-11.831770,-13.654754,5.811951,13.929415,36.079815,-33.771372,7.832525,-26.321136,-6.016015,10.372890,45.304406,-29.038529,4.771836,-17.575142,6.937960,-8.748909,-38.261682,29.676591,-45.515534,-18.295744,15.935163,-15.473573,52.632068,-22.235204,-23.052899,32.726110,-24.142140,27.291583,-14.874135,-26.016986
179.000000,44.361851,5.879595,73.002368,3.198222,6.117654,-14.063680,-12.982060,7.033996,16.209492,37.348984,-33.906254,6.882068,-26.141844,-4.831461,11.898600,44.942983,-28.574925,5.325828,-21.133498,8.009245,-7.811515,-37.072443,27.570337,-46.355282,-17.041506,15.053139,-16.563852,51.422090,-18.968001,-24.997543,33.439810,-24.843527,28.624867,-14.768088,-25.312278
180.000000,44.711259,5.851706,74.354368,3.459313,6.824663,-15.699993,-9.300323,6.508965,18.333466,28.778746,-28.101618,4.510241,-24.107776,-4.726047,12.771034,38.326421,-23.583764,7.704232,-24.172519,9.978888,-9.736186,-39.369169,25.821067,-48.118830,-17.002631,15.734386,-15.770755,53.539940,-18.484669,-27.658602,32.948150,-26.694543,27.678587,-15.159057,-24.511271
181.000000,45.062128,5.901391,75.825727,4.109780,7.825882,-17.339177,-5.726613,5.073003,20.072066,18.985001,-19.983887,1.434706,-22.536967,-4.958538,14.051471,31.519192,-16.586076,11.279771,-26.695518,11.827568,-11.968723,-43.377729,25.276836,-49.459773,-17.756863,16.826431,-13.762453,56.337791,-22.683630,-30.182220,32.067335,-27.862631,26.778066,-16.130646,-28.386729
182.000000,45.036939,5.870777,76.913261,4.661052,10.014772,-19.203651,-5.998191,4.907146,20.818256,13.953849,-13.595299,-0.411195,-23.232412,-4.209893,15.351190,26.221383,-9.623193,14.068819,-28.853601,14.387951,-13.761883,-47.461632,26.195637,-50.073336,-17.902967,18.404607,-13.120649,58.175228,-26.590720,-30.707205,31.531575,-28.320531,26.838337,-14.241503,-24.434908
183.000000,44.664621,5.639021,77.508080,4.206447,10.243658,-20.412914,-6.364866,6.115349,21.135085,14.147720,-11.557864,-2.048597,-23.019450,-2.472207,15.928524,24.504846,-5.916537,15.000029,-31.126757,15.232603,-12.755864,-48.545341,26.485896,-49.279740,-18.133199,19.318999,-13.152766,59.703981,-30.193319,-29.416617,31.243170,-27.546457,26.122047,-14.467367,-26.585159
184.000000,44.229925,5.516090,77.474993,4.079402,9.547489,-21.782732,-6.716847,6.949479,21.991867,16.529000,-12.623286,-1.975478,-23.097430,-1.242531,17.657909,25.088909,-5.518867,15.000035,-32.678494,14.216427,-10.948844,-46.294865,26.605019,-47.074316,-18.341607,20.427501,-13.699111,59.148284,-30.891282,-27.569954,31.348871,-26.633609,25.341318,-14.918670,-27.843836
185.000000,43.801713,5.861497,76.748806,4.332806,8.059838,-23.296504,-6.953663,6.946460,23.221950,20.440007,-16.829120,-0.127007,-23.459062,-1.194220,20.335324,27.329441,-8.898408,14.835412,-33.643384,12.016121,-8.294661,-42.052447,27.361378,-43.743069,-18.893808,20.898528,-14.771942,57.575291,-29.709356,-26.304245,32.251334,-25.699038,24.877465,-14.598915,-25.712018
186.000000,43.447876,5.743508,75.464034,4.399754,6.862602,-24.351810,-7.256724,7.503852,23.698789,24.698037,-23.468834,1.814208,-24.253047,-0.550326,20.981375,31.144481,-16.010764,11.446922,-33.893011,9.565448,-6.117481,-36.387864,27.543364,-40.938955,-19.446016,20.696472,-15.531802,56.054840,-27.626775,-25.577202,33.464420,-24.985650,26.169885,-13.858951,-22.757702
187.000000,42.832762,5.623494,73.900318,4.171612,5.698741,-24.557541,-8.383623,8.378485,23.026651,30.185082,-30.661587,4.848201,-26.563629,0.712654,21.082511,38.441152,-22.944277,7.726876,-33.659719,6.904532,-4.792535,-30.659309,27.479314,-38.798487,-20.085013,20.662248,-16.059762,54.322540,-25.812548,-24.694578,35.452346,-24.073273,27.277699,-14.073293,-19.557045
188.000000,42.166847,5.601780,72.727787,3.823999,5.358579,-23.991996,-12.086512,9.651230,21.258110,38.059337,-35.068671,8.289020,-29.733070,1.962372,20.334404,45.454817,-26.010113,5.976214,-31.842943,5.121488,-4.096916,-28.346564,27.498765,-37.589454,-19.949524,19.894994,-14.855841,53.010662,-25.842412,-24.538010,37.120179,-23.336666,28.260225,-13.702793,-18.768926
189.000000,41.794071,5.642769,72.615939,3.594520,6.290412,-22.585577,-15.463403,10.414433,19.577375,41.520641,-35.225680,8.095447,-30.778407,1.572636,18.755797,45.544309,-26.141371,5.878688,-28.019680,4.564225,-4.719324,-30.913211,27.863834,-37.882698,-21.012051,17.801761,-16.456965,52.460883,-27.220416,-24.944997,37.675870,-24.030796,29.403251,-14.106483,-21.940149
190.000000,41.819128,5.446469,73.962319,2.920709,8.232233,-19.194879,-15.937036,9.957416,16.751507,35.791468,-30.025020,5.782588,-28.725614,-0.209094,15.182933,38.649879,-21.916521,6.543460,-23.879018,5.292242,-7.001642,-37.450692,28.686788,-39.802958,-21.555426,17.757047,-15.237836,54.164189,-29.032890,-27.610335,37.011873,-26.294365,28.509285,-13.047838,-22.956677
191.000000,41.995305,5.159372,75.712049,2.810335,9.448546,-15.699019,-13.516277,8.194968,14.539746,25.550298,-20.997250,1.685405,-24.925116,-2.534129,12.212056,29.753868,-15.620147,8.656554,-19.968215,4.353098,-10.298347,-43.382752,29.703465,-42.069324,-21.702677,17.488286,-14.026873,56.220643,-32.856509,-29.583865,38.205452,-27.904671,27.478519,-13.590497,-27.169060
192.000000,41.969138,4.882523,77.008188,2.245086,10.917837,-11.488122,-13.456604,7.025030,10.301962,19.026600,-12.894302,-1.572733,-22.352084,-4.136005,8.073307,23.324203,-10.118556,10.036621,-16.777574,3.369261,-12.913122,-48.495627,30.867951,-43.635166,-21.535633,18.005086,-13.808357,57.801473,-36.921028,-31.161389,39.266781,-28.483482,25.895754,-14.594630,-28.995488
193.000000,41.703153,4.600234,77.574301,1.523136,12.257369,-7.450599,-16.299502,6.579876,6.766177,18.847434,-9.189831,-2.983002,-22.505741,-5.252430,3.327910,22.643925,-7.940477,9.868911,-13.712873,2.369016,-14.580842,-49.549225,30.071554,-43.189325,-20.711278,19.178522,-13.567902,60.405319,-40.127676,-31.396720,40.410671,-27.778651,24.869793,-14.353503,-28.629129
194.000000,41.209087,4.390921,77.489871,0.723062,12.615823,-3.886155,-19.344252,6.371044,4.992952,21.529564,-9.245812,-2.691592,-23.205737,-6.401119,-1.040916,24.873445,-8.599557,8.541364,-11.237810,0.991155,-13.785955,-48.239796,29.379096,-41.057165,-19.469149,19.747784,-14.368679,59.555609,-40.798882,-30.117849,40.783312,-26.488831,24.415920,-14.217421,-27.766247
195.000000,40.692496,4.180627,76.778275,-0.315308,12.066956,-0.304695,-22.001243,6.278721,3.318367,25.736679,-12.698270,-1.371707,-23.642582,-7.273731,-4.389080,28.277682,-12.348443,6.138678,-9.321544,-0.004270,-10.676151,-44.994438,28.883702,-38.418349,-18.779962,19.303137,-15.422118,58.436086,-39.014061,-28.034937,40.356504,-25.096630,24.997302,-13.734619,-26.169185
196.000000,40.313151,3.834394,75.453067,-1.399737,10.749923,2.794122,-23.750767,6.352622,1.038030,30.491689,-19.490203,0.998630,-23.669235,-7.492919,-6.174815,32.864975,-19.281820,3.248491,-7.144286,-0.711774,-6.478618,-40.552168,29.503197,-35.770138,-18.726799,18.969279,-16.129372,57.231036,-35.887450,-25.573697,40.181941,-24.128401,24.621010,-12.723075,-22.816051
197.000000,39.959252,3.428650,73.705047,-2.285699,8.775291,5.796787,-26.375708,5.733050,-2.801800,38.422918,-26.733543,4.492552,-23.848147,-8.055336,-8.301766,39.651912,-27.163273,0.319123,-4.350283,-1.356258,-2.593716,-35.453115,30.451610,-33.470358,-19.217362,17.635916,-17.325340,55.076900,-32.785789,-23.405882,40.603408,-23.138212,25.538634,-11.827560,-21.126344
198.000000,39.634690,3.130017,72.172445,-2.223084,7.460135,7.467146,-30.121216,4.632997,-4.596931,47.741404,-30.680124,5.329546,-25.853214,-9.291076,-9.179311,47.569911,-32.200155,-1.437875,-0.028475,-2.380571,-0.336273,-31.190633,30.864723,-31.348004,-19.406010,14.637039,-17.393224,52.827067,-30.917804,-21.808242,40.857365,-21.911221,27.834833,-10.397503,-19.411673
199.000000,39.434057,2.827198,71.671152,-2.009787,7.543929,8.882596,-31.919154,3.744679,-5.631875,50.130245,-31.642125,5.309326,-26.950236,-10.542965,-10.175257,50.397015,-34.095795,-1.762568,4.730391,-3.554320,-0.404454,-29.886852,31.294376,-29.599615,-20.495159,13.315305,-17.229318,52.048046,-30.871919,-21.083344,41.560017,-22.163935,28.778227,-10.580349,-20.684851
200.000000,39.683703,2.513612,72.567123,-1.706467,7.650332,9.684383,-29.772576,3.543183,-5.899480,45.453953,-28.987914,3.713274,-24.990750,-10.826074,-11.115999,47.013292,-32.235952,-0.790091,9.103052,-4.659504,-1.667194,-31.364837,32.493116,-28.391075,-22.711166,14.474095,-16.381746,52.381841,-34.042397,-21.813123,42.236517,-23.522852,27.760498,-11.428595,-22.577120
201.000000,40.139884,2.359506,74.081969,-1.492083,8.108357,10.378725,-26.035762,3.444625,-6.073756,37.062720,-23.750902,1.141125,-21.645288,-10.729934,-12.242107,40.096233,-27.908418,1.301187,12.028171,-5.704917,-4.429196,-34.752248,33.470901,-28.859650,-23.389918,15.426728,-16.315855,52.613658,-37.312278,-22.239806,42.137735,-24.531927,26.794810,-12.275033,-23.340542
202.000000,40.553954,2.300868,75.423849,-1.686328,9.022619,11.879524,-22.621583,3.234229,-7.008600,27.638033,-17.691807,-1.513356,-18.469091,-10.439571,-13.913283,32.641938,-23.207832,3.226163,12.820965,-6.126696,-7.556996,-39.573778,34.217103,-29.880169,-23.377135,16.425106,-15.936271,53.721709,-41.645436,-23.659746,42.625063,-25.608268,25.196643,-13.017327,-26.128993
203.000000,40.838909,2.388375,76.180089,-2.200963,10.070906,13.562789,-20.546715,3.092830,-8.373912,20.303721,-13.032833,-3.296707,-16.487061,-10.094320,-15.534307,27.140377,-19.994800,3.998397,11.702767,-5.711931,-10.618472,-43.944536,34.944139,-30.910622,-22.905396,18.246664,-14.902658,55.081832,-45.629010,-24.469265,43.316141,-25.864980,24.096931,-14.019826,-28.120215
204.000000,41.140378,2.607125,76.407778,-2.618892,10.694274,14.848010,-18.659617,3.172772,-9.026882,14.680085,-10.408250,-3.778000,-14.784595,-9.920577,-16.915107,23.323245,-18.682500,4.016275,9.666652,-4.893841,-13.470212,-45.332932,34.280757,-32.364090,-21.837363,20.189930,-14.821215,55.806276,-46.832739,-23.749526,43.449098,-25.082560,23.370882,-14.592844,-28.011845
205.000000,41.470870,2.814852,76.254177,-2.561658,10.561428,15.222717,-16.701734,3.337093,-8.733524,11.452527,-10.336661,-3.634696,-13.338945,-10.008235,-17.329524,21.700455,-19.192451,3.846528,7.984102,-4.142370,-15.714460,-43.033119,33.297801,-32.562937,-20.921076,20.217116,-15.072522,54.735145,-44.200265,-22.384132,42.062911,-23.876055,24.002140,-14.507165,-26.929730
206.000000,42.052552,2.920570,76.210225,-2.897950,8.466373,14.467017,-9.529792,5.540617,-7.809067,2.633169,-8.136872,-3.970385,-8.452532,-8.033873,-17.245818,16.849404,-18.397533,3.756533,7.061575,-2.353368,-17.108589,-36.323998,32.337968,-31.338267,-20.760973,18.829146,-16.368323,51.061360,-37.080376,-20.872740,39.323434,-23.340126,25.840159,-13.555976,-23.359247
207.000000,42.423987,3.155134,76.068640,-2.552680,8.292304,13.410082,-7.817748,5.601885,-6.656519,1.011275,-8.440586,-3.821506,-7.117961,-8.002839,-16.365214,14.850636,-18.175337,4.640670,6.094647,-1.701346,-18.066344,-30.501145,30.342555,-30.551887,-20.070309,17.945695,-16.958207,48.228720,-31.250783,-20.405409,37.669702,-22.742734,27.243266,-12.672076,-21.119899
208.000000,42.804760,3.405335,76.101106,-2.323352,8.197866,12.345790,-6.627944,5.580093,-5.497779,0.303932,-8.499288,-2.866906,-5.000451,-7.653410,-16.000850,10.954019,-16.308021,4.715676,5.096879,-1.235844,-19.103867,-26.464227,28.498138,-31.829692,-18.601117,16.071114,-15.789526,47.204045,-25.472426,-20.579835,36.652974,-22.349004,30.178016,-12.771913,-22.639717
209.000000,43.027329,3.600042,76.221031,-2.004714,8.154505,11.229502,-5.868998,5.391292,-4.352918,0.144453,-8.423997,-1.829999,-3.150427,-7.465948,-15.758327,7.188399,-13.942490,4.511823,3.630072,-0.861693,-20.442594,-26.955700,28.215544,-34.696821,-17.011027,14.593797,-14.036359,47.599991,-23.635376,-20.925890,36.747453,-22.146964,31.989147,-13.966084,-25.949847
210.000000,42.953259,3.703363,76.359749,-1.758906,7.755760,10.047091,-5.351946,5.385414,-3.434861,0.575879,-8.482976,-1.965292,-2.457904,-7.345784,-14.844318,5.859482,-12.516634,5.100293,2.645251,-0.143228,-21.385430,-31.092011,28.950535,-37.306732,-16.956704,14.990711,-13.722835,48.749912,-25.980255,-22.694482,37.267763,-23.094649,31.489826,-14.250367,-26.700558
211.000000,42.660910,3.740770,76.477742,-1.770728,7.531881,8.823041,-5.224706,5.718640,-2.334058,0.939877,-8.399086,-2.252941,-3.271830,-7.140190,-13.515632,6.673534,-11.921457,5.511072,1.579821,1.100986,-21.629619,-37.194587,29.265462,-39.715955,-16.414864,15.611944,-13.532143,50.578155,-30.640095,-24.261208,37.854606,-23.846975,30.181295,-15.173357,-29.575890
212.000000,42.253011,3.709057,76.582700,-2.066116,7.616153,8.011359,-5.523523,6.280998,-1.677569,0.954579,-8.067506,-2.681658,-5.181149,-6.761288,-12.173362,8.860973,-11.932846,5.537037,-0.078364,2.374571,-21.347994,-43.252552,29.701822,-42.060896,-15.041402,15.675586,-13.363287,51.867777,-34.314706,-24.975297,38.128305,-23.974387,29.611862,-15.758901,-31.429389
213.000000,41.805249,3.694103,76.674783,-2.528638,7.812099,8.066074,-6.282356,6.729195,-1.875223,1.094001,-7.872582,-3.119119,-7.565643,-6.388395,-10.838315,11.934289,-12.480207,4.964736,-1.983654,3.506745,-20.565220,-48.123573,29.325602,-44.565045,-13.818569,15.404180,-13.284234,53.906448,-36.460161,-26.315848,37.328097,-24.020268,28.338151,-17.541799,-35.016037
214.000000,41.391578,3.760134,76.668799,-2.842779,7.965515,8.340376,-7.180804,6.829381,-2.325755,1.618817,-8.257299,-3.079060,-9.656023,-6.195129,-8.977625,14.699472,-13.354579,4.563844,-4.090538,4.421689,-18.935567,-50.344648,27.608892,-45.869590,-12.104446,16.277287,-13.392308,54.435218,-35.965239,-26.656282,36.224895,-24.175639,27.817277,-17.625725,-36.190956
215.000000,41.062674,3.788466,76.547933,-2.679639,8.290266,8.160365,-8.289550,6.519564,-2.286752,2.785109,-9.122516,-2.633453,-10.920966,-6.461593,-8.230671,15.836670,-14.300019,4.698785,-5.195532,4.205627,-17.768578,-48.451627,25.178871,-45.561405,-10.650866,16.237217,-13.902062,53.073592,-31.751070,-26.392968,33.995385,-24.547748,27.992171,-17.121619,-34.770277
216.000000,40.815851,3.654095,76.389742,-2.277640,8.674314,7.505206,-9.152154,6.247538,-1.652121,3.739543,-9.986678,-2.016071,-11.500910,-6.648989,-7.913146,15.579848,-15.048995,4.080715,-5.324402,3.005299,-16.860892,-44.749439,23.600387,-44.668515,-10.209682,15.759007,-14.917126,51.196458,-25.833797,-25.461132,31.406750,-25.111814,28.264264,-16.735408,-32.666319
217.000000,40.560514,3.459360,76.302183,-1.908805,8.825029,6.514840,-9.465593,6.220014,-0.747992,4.233504,-10.537583,-1.404552,-11.996704,-6.578296,-6.983963,15.344693,-15.322846,3.838367,-4.998944,1.894465,-15.859913,-41.411683,22.971989,-44.550722,-10.520584,15.258965,-16.080434,48.596857,-20.731330,-24.922628,29.677985,-25.761894,28.875796,-16.571412,-31.170357
218.000000,40.272853,3.354419,76.318783,-1.722325,9.113458,5.418054,-9.817074,6.356984,0.194104,4.398161,-10.623441,-1.037120,-13.060520,-6.398763,-5.788124,15.784313,-15.133042,4.451377,-5.295152,1.697390,-15.500332,-39.831590,22.908275,-45.738546,-11.184045,14.172170,-16.096488,47.672910,-18.292107,-25.481426,29.470405,-26.678987,30.144466,-15.969319,-30.842648
219.000000,39.965442,3.307383,76.378256,-1.801015,9.469776,5.067696,-10.815704,6.452517,0.182871,5.144560,-10.632113,-1.116169,-13.805783,-6.310294,-5.774807,15.743487,-14.712077,5.300202,-6.361734,2.234904,-15.165428,-42.347473,23.152716,-47.118668,-12.025741,14.157871,-15.767994,47.772822,-18.993411,-26.979900,28.808970,-28.277929,30.254825,-16.291188,-30.960923
220.000000,39.612231,3.316608,76.427639,-1.991893,9.806441,5.234259,-12.519428,6.386119,-0.696298,6.906016,-10.739353,-1.229720,-14.115446,-6.287502,-6.318313,15.114237,-14.210888,5.672261,-7.560720,2.575293,-15.052157,-47.491757,23.258917,-48.445951,-12.495941,15.044622,-14.966690,50.053347,-22.330366,-28.560339,28.151887,-29.809633,29.168012,-16.915498,-32.801038
221.000000,39.251626,3.329382,76.435894,-2.262986,10.337425,5.553245,-14.656609,6.415169,-1.395264,9.064262,-10.857349,-1.516012,-14.333302,-6.368791,-7.442156,14.034405,-13.763876,5.875112,-8.163934,2.365032,-15.171897,-52.906065,23.314250,-49.146527,-12.052401,16.117672,-14.326329,52.004534,-26.332271,-29.028437,27.425004,-30.543721,27.799539,-17.386585,-34.843121
222.000000,38.949934,3.292828,76.432455,-2.607855,11.027179,5.670766,-16.537486,6.710327,-1.605922,10.569869,-10.973435,-1.815075,-14.568976,-6.672188,-9.542275,12.879305,-13.242319,5.929228,-7.520299,1.648701,-15.228656,-56.321450,23.335145,-48.991656,-11.175415,16.448590,-14.216316,52.560662,-29.783672,-28.848595,27.083846,-30.502310,26.917058,-17.354401,-36.119232
223.000000,38.790375,3.184805,76.419634,-2.977149,11.587052,5.638569,-17.659717,7.197046,-1.669971,11.124370,-11.059912,-2.088962,-14.635822,-7.082139,-12.229618,12.019072,-12.695874,5.884481,-5.938927,0.598467,-14.926084,-56.796278,23.560557,-48.082667,-10.517301,16.887817,-14.311457,52.528799,-31.297187,-27.796913,27.750949,-29.853176,26.736043,-17.523438,-37.118226
224.000000,38.728672,3.009496,76.391107,-3.399459,11.874487,6.336336,-18.461979,7.494630,-2.351431,11.431030,-10.956026,-2.184758,-14.615669,-6.675284,-12.803706,11.366789,-12.123020,5.703679,-4.115222,-0.688265,-14.421997,-54.117891,23.723870,-47.346656,-10.334772,16.985579,-14.573815,52.342004,-30.161029,-26.860014,28.595762,-28.804578,26.385914,-17.191299,-36.680161
225.000000,38.748291,2.787692,76.328737,-4.034677,11.934627,7.714434,-19.197362,7.726482,-3.658588,11.746115,-10.966195,-2.077351,-14.312538,-6.254811,-13.794621,11.059478,-11.852811,5.368142,-1.987108,-1.841401,-13.305670,-49.797550,23.696102,-46.837076,-10.201398,15.961003,-14.773247,50.841896,-26.829106,-25.943289,29.010426,-27.717908,27.483395,-16.434487,-35.182847
226.000000,38.896242,2.545519,76.289135,-4.824605,11.967299,9.714536,-19.941863,7.811402,-5.428382,11.897334,-10.861764,-2.006286,-13.309447,-5.818694,-15.491875,9.935950,-11.840944,5.169965,-0.625472,-3.136139,-12.562139,-44.832477,24.776644,-46.145912,-10.608786,13.938915,-15.362415,49.185698,-23.563181,-24.159317,29.628217,-26.279580,29.415470,-15.616760,-33.312267
227.000000,39.016256,2.394445,76.239485,-5.708026,11.845587,12.188006,-20.718626,7.649908,-7.613754,12.000893,-10.690628,-1.720243,-11.877426,-5.295812,-17.438996,8.255400,-11.715647,4.933908,0.895988,-4.162863,-12.359039,-42.346725,25.731331,-45.814027,-11.368054,12.361077,-15.488186,48.092291,-22.706347,-23.548295,30.593794,-25.679348,30.903324,-14.969797,-32.195271
228.000000,39.068094,2.327873,76.204991,-6.363954,12.101745,14.505540,-21.826107,7.113491,-9.543083,11.958214,-10.099002,-1.731940,-11.131447,-5.155907,-19.296946,6.867061,-11.350534,4.984001,2.855094,-5.272007,-13.190382,-43.733309,26.397658,-45.592640,-12.369642,13.205337,-15.519773,50.138844,-24.959478,-24.166379,31.550867,-26.284250,30.621719,-15.975268,-33.462487
229.000000,39.152434,2.295523,76.218045,-6.881094,12.500026,16.655255,-22.800917,6.471335,-11.108286,11.561129,-9.107898,-2.091939,-10.781367,-5.261405,-21.131369,5.994371,-11.126155,5.098229,4.977308,-6.320445,-14.577452,-47.007209,26.618878,-45.575844,-12.663739,14.816193,-14.713469,50.628142,-28.596353,-24.764789,31.764614,-26.990529,29.052565,-16.483941,-34.284964
230.000000,39.366707,2.304942,76.253271,-7.228563,12.956466,18.500712,-23.417435,5.779271,-12.378764,10.822665,-8.057635,-2.694588,-10.718128,-5.524085,-22.567874,5.729749,-11.344020,4.799427,6.880923,-7.520652,-16.087114,-50.444328,26.731327,-45.491314,-12.278476,15.597567,-14.154747,50.685359,-32.487955,-25.463666,32.241546,-27.226862,28.017921,-16.798681,-35.226161
231.000000,39.644107,2.380005,76.281589,-7.421820,13.115526,19.977167,-23.515648,5.176567,-13.430776,10.165711,-7.410375,-3.071290,-10.633543,-5.673786,-23.099329,5.990905,-12.094780,4.416695,8.670171,-8.257631,-17.085769,-52.724392,27.106784,-45.316953,-11.741158,15.992885,-13.692800,50.730455,-35.200251,-25.987681,32.756812,-27.049108,27.502300,-17.172361,-36.326747
232.000000,39.949539,2.501255,76.295632,-7.452779,12.876506,21.481741,-23.124265,4.524126,-14.361661,9.627923,-7.101515,-3.063492,-10.610403,-5.387522,-21.362841,6.735362,-13.249048,4.081540,9.704072,-8.408678,-17.328644,-52.772572,27.703404,-44.980467,-11.613975,17.012068,-13.193724,51.513707,-36.191953,-25.672936,33.469071,-26.691483,27.112612,-17.505273,-36.485904
233.000000,40.254381,2.663102,76.291621,-7.315299,12.326622,22.701265,-22.284805,3.962276,-15.034529,9.233705,-7.163982,-2.636786,-10.541201,-5.345923,-19.865137,8.420104,-14.544352,3.482220,10.061989,-8.102476,-16.873916,-49.930633,27.927776,-44.064880,-11.786221,17.072254,-13.978780,50.974754,-34.148951,-23.854659,33.537212,-25.690606,27.201918,-17.614832,-35.753038
234.000000,40.580618,2.848669,76.241904,-6.952681,11.727010,23.394492,-21.131697,3.506827,-15.347384,8.853057,-7.545935,-2.091470,-9.914413,-6.104149,-20.613122,10.060576,-15.662343,3.270877,10.070384,-7.736986,-16.103011,-44.818059,27.914703,-42.676275,-11.639461,15.663265,-14.848380,48.937096,-30.161747,-21.662177,32.990080,-24.130838,28.320319,-16.584797,-33.562901
235.000000,40.875623,3.029536,76.186329,-6.362485,11.113446,23.679160,-19.787541,3.034887,-15.465703,8.474197,-8.025811,-1.628143,-9.031776,-7.031145,-21.439824,11.248084,-16.257138,3.183150,9.800038,-7.395366,-15.246780,-39.554923,28.051505,-41.367512,-11.495154,14.000278,-15.068034,46.826749,-26.138673,-20.373023,32.852708,-22.692796,30.415058,-15.296511,-30.941775
236.000000,41.069692,3.171383,76.161921,-5.710146,10.574263,23.387064,-18.504434,2.751245,-15.087864,8.189806,-8.391835,-1.429871,-8.498225,-7.763705,-21.465360,12.423859,-16.697272,3.136082,9.490424,-6.870105,-14.931374,-36.165664,28.161495,-40.977228,-11.813412,12.258535,-14.773588,45.878787,-24.201367,-20.739994,33.887693,-22.150722,32.785137,-14.685759,-29.477819
237.000000,41.172665,3.303958,76.209015,-5.103011,10.338656,22.522085,-17.550787,2.606279,-14.067773,7.946993,-8.428854,-1.308605,-8.496312,-8.307465,-20.674650,13.279114,-16.607238,3.577416,9.168125,-6.184778,-15.394647,-36.675763,28.522515,-41.499775,-12.550339,12.205733,-14.583311,46.488043,-25.335142,-22.310652,35.017045,-22.819075,33.386091,-14.860367,-29.536979
238.000000,41.210985,3.433793,76.304722,-4.597216,10.526987,21.215996,-17.082312,2.541634,-12.570706,7.736647,-8.147740,-1.273799,-8.990877,-8.713257,-19.471647,13.637622,-16.121932,4.331634,8.724408,-5.333580,-16.548109,-40.450641,29.181543,-42.527500,-13.218943,13.111444,-14.279207,47.932601,-28.834344,-23.819250,35.786807,-23.941188,32.199124,-15.777524,-30.968651
239.000000,41.169047,3.599099,76.395202,-4.260465,10.963093,19.811220,-17.030059,2.537045,-11.065458,7.584734,-7.858356,-1.357926,-9.743564,-8.980941,-18.186854,13.600705,-15.361973,5.201958,8.344047,-3.958917,-17.599412,-46.074554,29.342851,-43.976347,-13.081271,13.817908,-13.704308,50.053587,-33.099899,-25.564013,35.558641,-24.783893,31.089139,-16.459151,-33.068180
240.000000,41.076881,3.794448,76.461285,-4.017865,11.432623,18.331055,-17.092612,2.623020,-9.683455,7.457894,-7.751160,-1.355836,-10.502902,-9.070775,-16.827163,13.208925,-14.476046,5.949025,7.462137,-2.058944,-18.021454,-52.017648,29.783822,-45.823947,-12.583217,13.860441,-13.030509,52.092835,-37.218145,-26.865774,35.077697,-25.211637,30.239689,-17.011418,-35.598936
241.000000,40.930730,4.055231,76.494813,-3.858776,11.854772,16.871567,-17.163632,2.766565,-8.373149,7.299781,-7.805876,-1.327608,-11.264914,-9.095536,-15.519865,12.804472,-13.618232,6.647654,5.979795,0.516227,-17.886848,-56.513743,30.347412,-47.694641,-11.979955,13.997995,-13.222945,52.958340,-39.813043,-27.497571,34.279698,-25.112165,29.584445,-17.728275,-36.810792
242.000000,40.779519,4.369103,76.520598,-3.660161,12.148520,15.356590,-16.983238,2.900830,-7.007576,7.001515,-7.959463,-1.050010,-12.015083,-9.103823,-14.034929,12.656749,-12.954302,7.067962,3.992358,3.484516,-17.037803,-58.163719,30.385565,-49.279180,-11.485251,13.959493,-13.490093,53.661047,-40.033361,-27.235945,33.553642,-25.022944,29.087932,-18.155066,-37.424044
243.000000,40.659118,4.731576,76.525021,-3.272956,12.281723,13.550014,-16.401919,2.994701,-5.308503,6.572352,-8.303106,-0.725774,-12.865884,-9.234457,-12.280613,13.054493,-12.668080,7.059503,1.660897,6.290500,-15.641171,-56.174887,29.379362,-49.160198,-10.931551,13.923127,-13.780390,53.639764,-37.238946,-26.023584,32.058101,-24.605234,28.147850,-17.858371,-37.270570
244.000000,40.551507,5.148439,76.442945,-2.630940,12.381487,11.439103,-15.569800,2.913017,-3.328921,5.981110,-8.900669,-0.311423,-13.991580,-9.592775,-10.305142,13.959074,-12.929151,6.788760,-0.927224,8.716969,-13.961024,-51.351514,27.628641,-47.413254,-10.323816,13.686296,-14.039905,51.473566,-32.636908,-25.021602,30.723468,-24.429891,29.587437,-16.506091,-33.548861
245.000000,40.528655,5.499037,76.322424,-1.821880,12.527997,9.243079,-14.621389,2.685323,-1.436443,5.180642,-9.425816,0.044420,-15.313376,-9.958423,-7.960942,15.200605,-13.450069,6.374056,-3.656323,10.571137,-12.569735,-46.725734,26.263836,-46.054490,-10.261297,12.396927,-14.566208,49.451321,-27.889167,-25.207604,29.678244,-24.429025,31.515285,-15.430012,-31.566716
246.000000,40.616271,5.867276,76.271713,-1.112973,12.675405,7.284179,-13.590569,2.401573,0.387866,4.141395,-9.548322,0.271024,-16.532942,-10.229786,-5.712388,16.430071,-13.645630,6.624354,-7.019091,12.717358,-12.529717,-44.479414,25.171294,-46.474308,-10.684248,11.435747,-14.546486,48.567600,-25.250864,-27.293837,29.896677,-25.416816,33.456623,-14.970936,-30.263960
247.000000,40.763506,6.170423,76.314211,-0.533642,12.952461,5.346195,-12.662209,2.245713,2.276822,2.911995,-9.207057,0.423118,-17.653780,-10.250804,-3.665746,17.141089,-13.336806,7.239983,-10.463829,14.537224,-13.196312,-46.404817,25.017291,-47.849423,-11.678072,12.202825,-13.870577,50.780629,-26.074585,-29.447654,29.991426,-26.966745,33.201799,-15.443090,-30.884562
248.000000,40.921053,6.383205,76.382387,-0.029342,13.440723,3.241480,-12.144875,2.254023,4.265076,1.957547,-8.809566,0.498925,-18.842544,-10.026754,-1.842614,17.305519,-12.619177,8.025815,-13.741777,16.047579,-14.337913,-50.457982,25.345736,-49.133721,-12.256434,13.125645,-12.885780,53.187872,-29.513944,-30.697821,30.153697,-27.926448,31.797871,-16.140806,-33.150330
249.000000,41.097459,6.507964,76.430708,0.518428,13.832447,0.791933,-11.586171,2.410686,6.522568,1.280803,-8.711149,0.651028,-19.888427,-9.538544,0.193130,17.170267,-11.879807,8.656911,-16.326703,17.196572,-15.001855,-54.689786,25.831871,-49.767757,-12.195491,13.132828,-12.260464,53.918022,-33.580198,-31.238205,29.719826,-27.886918,30.601618,-15.918451,-35.568832
250.000000,41.305554,6.535557,76.467234,1.160654,13.933766,-2.001701,-10.593340,2.644254,9.010729,0.576117,-8.752514,0.859759,-20.704772,-8.808119,2.624651,17.099040,-11.314491,8.886094,-18.581446,17.815510,-15.060227,-56.909529,26.267755,-50.016850,-12.094157,13.360793,-12.438322,54.389425,-35.755798,-30.485774,29.925603,-27.434367,30.052388,-16.269253,-37.643502
251.000000,41.539446,6.442061,76.444280,1.883791,13.615299,-5.155440,-8.964360,2.902850,11.784949,-0.241662,-9.064199,1.095572,-21.336655,-7.834094,5.470651,17.458431,-11.188228,8.758868,-20.831459,17.910769,-14.773042,-55.867580,26.758803,-49.546684,-12.165890,13.623933,-13.648119,53.996108,-35.616066,-28.873894,30.275681,-26.599806,30.093977,-16.042250,-37.073379
252.000000,41.755491,6.288457,76.346517,2.558303,12.924466,-8.523298,-6.828400,3.114749,14.788685,-1.223830,-9.662057,1.533603,-21.833994,-6.629371,8.647078,18.309452,-11.529550,8.499359,-22.776307,17.692282,-14.093426,-51.904639,26.717564,-48.268127,-12.067314,14.798442,-13.224455,53.206214,-33.498540,-27.125673,30.585666,-25.480219,29.930521,-15.209098,-35.370623
253.000000,41.899529,6.124887,76.195455,3.141524,11.911479,-11.972858,-4.313155,3.163450,17.898080,-2.332773,-10.409096,2.133706,-22.188558,-5.259187,12.006283,19.544289,-12.090402,8.140190,-24.404140,17.160429,-13.061735,-45.783035,26.273549,-46.131675,-12.098133,15.264378,-13.442276,51.828001,-30.085853,-25.530784,30.775992,-24.381982,30.844315,-14.298132,-32.372204
254.000000,42.123613,5.924203,76.050287,3.385791,10.818389,-14.905135,-1.627755,3.212649,20.547970,-3.599009,-10.990516,2.267962,-22.059546,-3.921381,14.631430,20.649730,-12.852279,7.771569,-25.737992,16.674853,-12.438959,-39.485556,25.672851,-44.166831,-12.012379,14.465403,-14.345854,49.788521,-26.575120,-25.588735,30.851104,-23.367040,32.772685,-15.128676,-28.350495
255.000000,42.265278,5.803217,75.989908,3.412846,9.742093,-17.018990,0.293454,3.295012,22.361095,-3.726364,-11.597416,2.253366,-21.533698,-2.937977,16.526105,21.329849,-13.253224,7.656112,-26.567891,16.245135,-12.587571,-36.721327,25.067945,-43.912806,-11.829138,13.229188,-14.733918,48.773479,-25.058463,-26.762008,31.304659,-22.623403,34.624503,-14.282309,-25.497629
256.000000,42.293000,5.785702,76.022482,3.356371,9.178864,-18.082201,1.239464,3.357017,23.338666,-3.763995,-11.695015,1.946128,-21.145248,-2.482387,17.277143,21.400219,-13.181301,7.854883,-27.328782,15.949024,-13.661248,-38.809459,25.107608,-44.499301,-12.591982,13.490992,-14.284016,50.315647,-26.985888,-28.359845,32.242680,-23.474081,34.750718,-15.020061,-26.854215
257.000000,42.240429,5.865014,76.097959,3.267625,9.203030,-18.045727,1.193106,3.427548,23.423746,-3.826698,-11.425756,1.547237,-21.002422,-2.518356,17.059132,20.984785,-12.802239,8.130848,-28.229619,15.824727,-15.287222,-43.466989,25.245105,-45.197701,-13.245543,14.732462,-13.177168,52.418598,-31.059186,-29.795942,32.676755,-24.698135,33.573334,-15.476261,-29.532242
258.000000,42.169625,5.905280,76.183242,3.129140,9.618320,-17.439543,0.568409,3.618492,22.730323,-3.861860,-11.032690,1.088816,-20.991803,-2.717804,16.173183,20.247165,-12.374128,8.173963,-28.629587,15.760766,-16.846484,-48.391187,25.436255,-45.026571,-13.380326,15.367634,-12.547326,54.070059,-35.785649,-31.069001,32.063295,-25.444746,32.739760,-15.209568,-31.465193
259.000000,42.009449,5.879927,76.252782,2.923343,10.095385,-16.655385,-0.250021,3.937162,21.542020,-3.833476,-10.634132,0.747963,-21.018609,-2.837869,15.179824,19.480937,-12.022902,8.047810,-28.360311,15.084087,-17.532237,-51.620145,24.993641,-44.581072,-12.967126,16.053559,-12.049948,55.243837,-38.826180,-31.357412,31.810336,-25.826318,32.030251,-15.223317,-33.046559
260.000000,41.793695,5.716831,76.291317,2.603138,10.413940,-15.628110,-0.953962,4.412514,20.384648,-3.773403,-10.314911,0.410773,-20.891886,-2.844234,14.080533,18.897959,-11.867117,7.806392,-27.659444,13.709249,-17.552075,-51.606013,24.283950,-43.965166,-12.689528,17.065947,-12.301998,55.007260,-38.823007,-31.241159,31.084816,-26.310165,31.346972,-15.397179,-32.065194
261.000000,41.543609,5.408479,76.285189,2.206915,10.426598,-14.441474,-1.341882,4.960590,19.287935,-3.682660,-10.121978,0.340325,-20.559846,-2.745370,12.987632,18.688607,-12.056022,7.396458,-26.612422,11.679110,-17.144857,-47.881771,24.072066,-42.872804,-12.508131,18.018370,-13.511485,52.991831,-35.253458,-29.643485,30.939063,-26.221410,31.364611,-15.117015,-30.318684
262.000000,41.309428,5.040334,76.265788,1.313462,9.860632,-12.812884,-1.236864,5.917696,17.803950,-3.074346,-10.466349,0.711364,-19.190303,-2.434642,11.504755,18.181697,-12.309706,6.606109,-25.520237,9.561082,-16.492286,-39.892171,24.349821,-41.006482,-12.773962,17.657366,-14.462845,50.238196,-29.579155,-26.786709,31.921961,-24.526591,31.733271,-14.671207,-28.092612
263.000000,40.951094,4.747494,76.170939,1.032712,9.574504,-11.480854,-1.294474,6.180916,16.695422,-3.458063,-10.238376,1.212868,-19.191244,-2.469285,10.482794,19.066663,-12.947048,6.048514,-22.451783,7.312189,-15.769635,-34.840276,23.689065,-39.741797,-11.316071,14.550004,-14.583248,48.610747,-26.554679,-25.667427,32.248472,-22.523334,34.474290,-13.163718,-27.214742
264.000000,40.680927,4.458643,76.150918,0.700955,9.586372,-9.980521,-1.835087,6.538062,15.292339,-3.433694,-9.898433,1.397463,-19.153198,-2.546087,9.077381,19.419481,-13.284639,5.941484,-18.666634,5.007457,-16.055265,-33.727402,24.303990,-40.067136,-11.147556,13.027971,-14.652371,48.289724,-25.779393,-25.430541,33.611207,-22.059243,36.299276,-13.298944,-27.850035
265.000000,40.418476,4.220509,76.233631,0.326986,9.920462,-7.975880,-2.950174,6.828566,13.382674,-3.453422,-8.896949,1.011781,-19.052386,-2.911956,7.079308,19.074965,-13.091549,6.127275,-14.755188,2.697417,-16.765761,-37.370663,25.565770,-40.738260,-12.581601,14.509291,-15.103922,49.187471,-28.029657,-26.325395,34.030489,-23.875032,34.412716,-14.457697,-28.000390
266.000000,40.110981,4.021265,76.337582,0.007356,10.505299,-5.452210,-4.853049,6.907444,10.988601,-3.017650,-7.773363,0.354252,-18.984589,-3.589112,4.817733,18.304284,-12.693121,6.449045,-11.264403,0.287233,-17.614151,-43.098849,25.808966,-41.213443,-13.303579,16.771321,-14.791999,50.651249,-32.038529,-27.175613,33.721808,-25.669687,31.897369,-15.550802,-29.479090
267.000000,39.817226,3.840985,76.429570,-0.351548,11.172320,-2.478854,-7.400943,6.787530,8.206561,-1.702124,-7.092963,-0.310481,-18.839327,-4.483495,2.210260,17.442339,-12.384265,6.603240,-8.415637,-1.903500,-17.998865,-48.191844,24.737857,-40.936831,-12.834637,18.100862,-14.580572,52.334392,-36.427882,-27.888883,33.323031,-26.708229,30.406165,-16.262079,-32.104990
268.000000,39.586556,3.668116,76.489943,-0.886980,11.604277,0.837698,-9.965075,6.525013,5.296829,0.172051,-6.880925,-0.726403,-18.343369,-5.366934,-0.674160,16.746152,-12.372844,6.432032,-6.702852,-3.390544,-17.322593,-50.584770,23.230657,-40.076801,-12.263283,18.483277,-14.487847,52.702136,-39.771754,-28.613174,33.541123,-27.194294,29.596757,-16.253576,-34.044176
269.000000,39.429057,3.483818,76.513505,-1.546926,11.359229,4.092364,-11.721437,6.285092,2.576285,2.138822,-7.168734,-0.844568,-17.305141,-5.969479,-3.344996,16.598789,-12.776572,5.970381,-6.092022,-4.024259,-15.401499,-49.956560,22.475248,-38.774403,-12.228853,18.855632,-14.378156,52.591224,-40.395276,-28.175184,34.300384,-27.273570,29.424899,-16.148396,-34.583522
270.000000,39.337349,3.290111,76.465690,-2.121866,10.607593,7.004742,-12.750978,6.038310,0.011925,4.068908,-7.819726,-0.567744,-16.076669,-6.421373,-5.819764,17.157476,-13.698121,5.349164,-5.908316,-4.097941,-13.009489,-46.416166,22.484411,-37.726601,-12.071181,18.124078,-14.688979,51.805810,-37.790962,-26.773341,34.717848,-26.467447,30.012452,-15.862105,-33.857292
271.000000,39.346898,3.091054,76.363093,-2.467856,9.855122,9.297614,-13.405365,5.773325,-2.087291,5.767235,-8.656230,-0.400734,-15.062058,-6.824491,-7.889110,18.081903,-14.881034,4.556101,-5.282605,-4.175192,-11.084638,-41.331110,22.397106,-37.397926,-11.605530,15.448525,-15.595875,49.507178,-33.014781,-25.219010,34.110497,-25.025888,31.329555,-14.970274,-32.686157
272.000000,39.412671,2.958083,76.280618,-2.574008,9.317774,10.789857,-13.797233,5.458160,-3.604103,7.061105,-9.346219,-0.350760,-14.323519,-7.186100,-9.301180,18.849164,-15.995903,3.834745,-4.294180,-3.996023,-10.073515,-37.406252,22.544703,-37.972676,-11.222365,12.133201,-15.908060,48.321311,-28.239677,-23.993872,32.833505,-24.039004,33.277580,-14.094877,-31.712217
273.000000,39.446682,2.903231,76.261514,-2.584559,8.942174,11.666303,-13.977637,5.171256,-4.675356,7.870798,-9.671310,-0.460113,-13.743375,-7.410167,-10.095075,19.142187,-16.570300,3.534985,-3.637861,-3.767317,-9.982294,-36.838393,23.529466,-38.511216,-12.357547,11.563115,-16.205443,47.887054,-26.747863,-23.529143,31.873385,-24.940692,33.594063,-14.188289,-30.849458
274.000000,39.389655,2.921606,76.313794,-2.602177,8.951875,12.209893,-14.403537,4.877094,-5.202619,8.294587,-9.434515,-0.763882,-13.472407,-7.603992,-10.607757,18.765549,-16.345654,3.887085,-3.148243,-3.544491,-10.857102,-39.635659,24.504145,-38.918346,-14.240434,13.408668,-16.231760,48.513133,-28.822712,-24.008487,31.469502,-27.069022,31.909503,-15.315762,-31.740480
275.000000,39.293370,2.981476,76.394719,-2.700401,9.505782,12.498515,-15.279203,4.655693,-5.219040,8.432544,-8.900752,-1.218769,-13.671985,-7.742515,-10.921332,17.827497,-15.683651,4.524052,-3.069577,-3.354078,-12.367138,-43.518936,25.031523,-39.074143,-15.427546,15.651145,-15.501085,50.733590,-32.217586,-24.206498,31.765461,-28.775140,30.194238,-16.539651,-34.557598
276.000000,39.204329,3.104736,76.458591,-2.873074,10.238851,12.580097,-16.189623,4.549977,-4.913619,8.326196,-8.481401,-1.467624,-14.061015,-7.790092,-10.991185,16.765456,-14.848773,5.006358,-3.379146,-2.824063,-13.275429,-45.539012,24.666830,-38.622281,-15.872152,17.458032,-15.039407,51.904035,-34.602486,-23.893417,31.956403,-29.484943,28.063699,-16.643561,-36.375620
277.000000,39.198726,3.262316,76.475966,-2.906704,10.657848,12.163914,-16.445212,4.561902,-4.470402,8.122551,-8.449377,-1.476856,-14.193399,-7.761713,-10.700060,15.822348,-14.285147,5.056281,-3.608134,-2.225338,-13.247761,-44.039523,24.044484,-37.759646,-15.582587,18.109251,-15.113984,52.061181,-33.998711,-23.173787,31.958076,-28.937521,27.880677,-16.330810,-35.756126
278.000000,39.234877,3.430658,76.423955,-2.696244,10.471204,11.149068,-15.912107,4.680182,-3.857386,8.214294,-9.088678,-1.080043,-13.928657,-7.647054,-9.878181,15.303812,-14.137282,4.749278,-3.386194,-1.648704,-12.156379,-39.589983,23.340583,-36.812035,-14.719478,16.416518,-15.028236,51.901542,-30.645010,-22.878840,31.976203,-27.423186,29.552610,-15.293880,-34.301838
279.000000,39.275157,3.598178,76.352572,-2.321873,9.820467,9.785040,-14.882287,4.807492,-3.016359,8.686564,-10.102645,-0.285297,-13.523762,-7.529714,-8.668355,15.495778,-14.352126,4.280750,-3.091209,-0.961969,-10.604387,-34.813747,22.726403,-37.054299,-13.259697,13.189329,-15.589299,48.286354,-26.143493,-22.742006,32.117281,-25.590019,31.380044,-13.743811,-31.448240
280.000000,39.224300,3.761949,76.331908,-1.912915,9.081100,8.353235,-13.813473,4.900412,-1.826389,9.152983,-10.872093,0.267559,-13.459783,-7.468512,-7.311249,16.337526,-14.594393,4.174023,-2.911464,-0.281131,-9.682407,-32.877857,22.937590,-38.117961,-12.825928,11.564352,-15.478482,47.765955,-23.864341,-23.044674,32.400403,-25.038278,32.541927,-13.151609,-30.011899
281.000000,39.162627,3.911880,76.358819,-1.628190,9.022460,7.348176,-13.538907,4.867400,-0.823247,9.294009,-11.027562,0.174605,-14.124588,-7.563353,-6.373339,17.209978,-14.594733,4.620542,-3.484360,0.383359,-10.349277,-34.880765,24.262348,-38.582933,-14.195316,12.528615,-15.535380,48.814758,-25.436357,-23.637224,32.708126,-26.174407,32.576160,-14.658762,-31.897742
282.000000,39.063862,4.078112,76.392615,-1.437296,9.417945,6.609722,-13.715797,4.756401,-0.084341,9.007695,-10.756289,-0.024030,-15.099165,-7.700752,-5.621039,17.694496,-14.301522,5.296055,-4.422982,1.119910,-11.771779,-39.349437,25.282254,-38.744234,-15.179278,14.424699,-14.906883,50.320056,-29.673084,-24.119239,32.597013,-27.434660,30.638050,-15.467995,-33.510090
283.000000,38.991338,4.273751,76.418251,-1.348430,9.997328,6.074826,-14.022266,4.631431,0.457828,8.469046,-10.373636,-0.038579,-15.908899,-7.807197,-5.074034,17.551184,-13.880526,5.763350,-5.214940,1.803955,-12.998341,-44.213461,25.694526,-39.163881,-15.247873,15.508098,-14.236301,52.296651,-33.923723,-24.409614,32.410006,-27.876522,29.228862,-15.830908,-35.307737
284.000000,38.977426,4.459853,76.439518,-1.271926,10.548398,5.571805,-14.295762,4.519901,0.914241,8.015956,-10.128475,-0.066275,-16.437573,-7.860149,-4.582166,17.022828,-13.468259,5.922710,-5.870354,2.216272,-13.493997,-46.822644,25.739486,-39.746158,-14.954878,15.726239,-14.080180,53.790752,-36.696619,-24.808833,32.997197,-27.895847,28.614775,-15.912215,-36.978159
285.000000,39.020544,4.636996,76.442993,-1.146193,10.744076,4.921382,-14.243969,4.468722,1.429125,7.911713,-10.273849,-0.021679,-16.567303,-7.867186,-4.041065,16.552438,-13.155890,5.985272,-6.054170,2.476710,-13.000188,-46.034372,25.089361,-39.696974,-14.475309,16.327197,-14.188400,54.241254,-36.023149,-25.261139,33.375665,-27.743624,28.176474,-15.741757,-36.767670
286.000000,39.120069,4.748601,76.405960,-0.941758,10.626138,3.960119,-13.763574,4.549142,2.207138,7.925869,-10.799990,0.269091,-16.578141,-7.739096,-3.150803,16.508434,-13.155782,5.812913,-5.921894,2.580137,-12.143526,-41.622661,24.073172,-39.284338,-13.705719,16.321664,-14.341592,53.299357,-32.033638,-25.059636,33.577070,-26.897551,28.966757,-15.193652,-34.547667
287.000000,39.265156,4.836010,76.351202,-0.733428,10.336484,3.015478,-12.980543,4.647736,3.074576,7.840963,-11.404342,0.747303,-16.548635,-7.595048,-2.209091,16.853756,-13.416773,5.505212,-6.034908,2.696217,-11.187523,-35.321818,23.191011,-38.615646,-12.877967,14.663176,-14.910651,50.472031,-26.563135,-24.217390,33.551573,-25.362456,31.373630,-13.764527,-30.893892
288.000000,39.387870,4.911183,76.307678,-0.567695,10.028453,2.445329,-12.234649,4.636328,3.658948,7.682700,-11.762755,1.175146,-16.566009,-7.572122,-1.624950,17.482965,-13.734187,5.334928,-6.349257,3.000929,-10.450998,-30.337641,22.914294,-38.593656,-12.456207,12.089480,-15.702948,47.955690,-21.768252,-23.032834,32.910286,-23.878691,33.199972,-12.895580,-28.782987
289.000000,39.411107,4.968064,76.326180,-0.484667,9.847958,2.161960,-11.731854,4.585842,3.958808,7.304627,-11.679641,1.254386,-16.671559,-7.575638,-1.336794,17.978839,-13.792185,5.532390,-6.802671,3.283416,-10.604257,-29.660472,24.252818,-38.813851,-13.789484,11.436140,-15.500250,48.061972,-21.206923,-23.378974,33.130519,-24.527259,34.545225,-13.020592,-28.535953
290.000000,39.396647,5.022732,76.383060,-0.427106,9.999940,2.129531,-11.731541,4.466418,4.037594,6.893046,-11.163014,1.072493,-16.909352,-7.672558,-1.277562,18.053368,-13.525224,6.000545,-7.326970,3.593039,-11.569873,-32.607193,25.685502,-38.756112,-15.801813,13.262352,-15.171850,49.116662,-24.482965,-24.034730,33.294901,-26.428532,33.072281,-13.800401,-29.347598
291.000000,39.394698,5.065827,76.430517,-0.418126,10.533839,2.325052,-12.279649,4.322904,3.947296,6.573313,-10.582634,0.769493,-17.307679,-7.844916,-1.505958,17.720912,-13.162122,6.434536,-7.749238,3.826695,-13.029055,-37.077050,26.366893,-38.404928,-17.072336,14.931644,-14.454034,51.746664,-29.369028,-24.369324,33.197571,-27.811248,31.113479,-14.875056,-32.310579
292.000000,39.389408,5.137891,76.448572,-0.463416,11.044474,2.442141,-12.766722,4.243428,3.892469,6.268144,-10.190801,0.745145,-17.604830,-7.926952,-1.617259,17.158543,-12.700929,6.805644,-7.818863,4.139053,-13.744418,-41.000492,26.294439,-38.183404,-17.265103,16.126323,-14.111559,53.834205,-33.391876,-24.757487,33.351175,-28.620566,29.999164,-15.578920,-35.168702
293.000000,39.422989,5.151748,76.481819,-0.502150,11.278374,2.451740,-12.917972,4.254295,3.882731,6.068766,-9.983909,0.593728,-17.582131,-7.916778,-1.720478,16.619785,-12.367461,6.931512,-7.899682,4.193255,-13.507391,-41.974873,26.196263,-38.140978,-17.309332,17.024030,-13.999043,54.503851,-34.927282,-24.935649,33.990570,-28.867275,29.472304,-15.751080,-36.321573
294.000000,39.511368,5.117954,76.474047,-0.500453,11.174701,2.344935,-12.692332,4.337637,4.019660,6.071622,-10.129942,0.673839,-17.275527,-7.856713,-1.731440,16.351058,-12.331809,6.740114,-7.845542,3.985907,-12.764673,-39.460895,25.702179,-38.063118,-16.512964,17.552423,-13.630558,54.783913,-33.040941,-24.720608,34.662930,-28.058028,29.531477,-15.100392,-34.983430
295.000000,39.658749,5.030978,76.422089,-0.420367,10.890386,2.060785,-12.248808,4.455326,4.287632,6.284624,-10.660102,0.853973,-16.965968,-7.744115,-1.496855,16.514469,-12.723890,6.310971,-7.425934,3.435885,-12.387325,-34.801709,24.973900,-37.661093,-14.709039,15.438751,-15.060183,51.940266,-28.915292,-24.156612,34.649225,-26.009125,30.726422,-13.907759,-31.742321
296.000000,39.883739,4.964208,76.342905,-0.348212,10.334354,1.758579,-11.413056,4.574220,4.556730,6.519416,-11.438415,1.288352,-16.433580,-7.612091,-1.189507,16.994224,-13.297356,5.856776,-6.795632,3.029588,-12.273801,-30.609797,23.564118,-37.141807,-12.714878,12.134189,-16.146301,48.162041,-24.867976,-23.227175,33.925355,-23.955610,31.808672,-12.332115,-28.723616
297.000000,40.040904,4.884235,76.313549,-0.355623,9.712351,1.712727,-10.688182,4.693994,4.530099,6.859290,-11.993449,1.583539,-15.791015,-7.471734,-1.079244,17.430699,-13.820638,5.618907,-6.317554,2.726788,-12.489738,-29.133485,23.014468,-36.372444,-12.593409,11.417138,-16.293271,44.569874,-23.227271,-22.418638,33.116743,-24.022013,31.606103,-11.456321,-26.139615
298.000000,40.104142,4.802846,76.316470,-0.360977,9.319732,1.836326,-10.424189,4.763474,4.446824,7.306532,-12.249426,1.408898,-15.381285,-7.417708,-1.142753,17.728905,-14.094446,5.705740,-5.861156,2.399092,-13.276090,-30.639979,23.087101,-35.068011,-13.829122,13.079890,-16.203362,43.127013,-25.132980,-22.191150,32.470747,-25.693835,29.229996,-12.114393,-25.858481
299.000000,40.216243,4.734522,76.302516,-0.350350,9.197498,1.885235,-10.309644,4.821286,4.412244,7.547566,-12.432766,1.251292,-15.150789,-7.382861,-1.167789,17.794743,-14.224286,5.847348,-5.384029,2.191976,-14.425180,-33.849916,22.185906,-33.242333,-15.063975,15.100163,-16.476196,40.405490,-28.683482,-21.322223,31.519216,-27.230523,27.146338,-12.576091,-24.240997
300.000000,40.308461,4.661645,76.283348,-0.320841,9.176363,1.858854,-10.248616,4.863815,4.374027,7.698486,-12.577629,1.163683,-15.025801,-7.326199,-1.065774,17.754549,-14.394917,5.897862,-5.215473,1.824920,-16.037877,-37.869680,20.982145,-30.773294,-16.349419,16.708683,-16.273918,39.502566,-33.042403,-19.221658,30.770614,-28.244193,26.165779,-13.012821,-23.302167
301.000000,40.362296,4.598568,76.246625,-0.265641,9.133074,1.787823,-10.137830,4.887624,4.395947,7.706404,-12.731955,1.107451,-15.023208,-7.261824,-0.827370,17.904306,-14.609761,5.767865,-5.167971,1.388519,-17.272997,-42.518662,19.227876,-28.161360,-17.602680,18.971887,-16.689788,39.398218,-37.869796,-16.265286,29.226195,-29.056817,23.023678,-14.291876,-24.637467
302.000000,40.389857,4.556056,76.207340,-0.201021,9.040005,1.694930,-10.033849,4.893986,4.441104,7.790288,-12.920202,1.045407,-15.070343,-7.220107,-0.595418,18.222111,-14.938812,5.618226,-5.112262,0.863015,-18.087702,-47.331715,17.028442,-25.603381,-19.176070,21.521499,-16.717576,40.329661,-43.239418,-13.631570,27.693414,-30.492833,18.204450,-16.196815,-27.517019
303.000000,40.443105,4.506448,76.187223,-0.099826,9.206280,1.630031,-10.254169,4.853107,4.522741,7.933415,-12.968943,0.791169,-15.412180,-7.240625,-0.421072,18.590231,-15.183130,5.583141,-5.031755,0.294611,-18.668893,-51.764470,14.251189,-23.699768,-21.734099,22.458014,-17.779078,40.925462,-48.686497,-11.354747,26.674995,-32.975081,11.159492,-17.980289,-32.044058
304.000000,40.479431,4.467538,76.176941,-0.002662,9.404576,1.584157,-10.540793,4.802438,4.595478,8.113892,-12.992113,0.627816,-15.783259,-7.287807,-0.306293,18.916453,-15.348769,5.671010,-4.874884,-0.138636,-19.163134,-56.039240,12.749772,-22.220948,-24.815136,24.699233,-18.270123,42.587998,-53.304466,-9.895373,26.198954,-35.486811,4.938722,-18.498939,-35.831084
305.000000,40.523887,4.435556,76.170373,0.061356,9.617116,1.564673,-10.860703,4.768600,4.630433,8.356779,-13.041010,0.451055,-16.107458,-7.333799,-0.246275,19.144827,-15.466716,5.791134,-4.830520,-0.408829,-19.446133,-59.830592,11.931776,-21.405919,-27.427820,27.683440,-17.789815,44.052623,-56.918975,-8.693099,26.086878,-37.787742,0.453188,-18.854170,-39.770805
306.000000,40.552196,4.421872,76.162672,0.093992,9.836706,1.625306,-11.196719,4.728841,4.596182,8.545064,-13.027362,0.337426,-16.388544,-7.396544,-0.263717,19.294060,-15.507849,5.864047,-4.937859,-0.565319,-19.617808,-62.637937,10.683992,-21.205741,-29.492747,29.006102,-17.850092,46.785887,-59.891006,-8.333332,25.394597,-39.885620,-6.002233,-18.646732,-44.453613
307.000000,40.582874,4.419438,76.154900,0.102444,10.013098,1.737705,-11.437270,4.685581,4.546236,8.622541,-12.999032,0.293071,-16.586090,-7.458086,-0.332791,19.407108,-15.551501,5.877947,-4.991510,-0.662688,-19.694830,-64.817013,9.462314,-21.154006,-30.610336,29.479288,-17.693226,50.209704,-61.931688,-8.241083,25.060613,-41.563805,-10.247726,-18.498734,-47.935586
308.000000,40.629539,4.415800,76.151329,0.092696,10.124428,1.861308,-11.573332,4.658213,4.462871,8.660298,-12.974008,0.290944,-16.657235,-7.505288,-0.441635,19.448996,-15.600605,5.865302,-5.089362,-0.648383,-19.759056,-66.415913,8.785432,-21.316993,-30.793344,29.656849,-17.218895,53.060137,-63.151410,-8.286548,25.211567,-42.430194,-10.940010,-18.597010,-49.100813
309.000000,40.689999,4.415941,76.147932,0.078304,10.202025,1.978342,-11.663941,4.632124,4.357927,8.704601,-12.950138,0.217436,-16.684573,-7.551601,-0.568076,19.500398,-15.650272,5.834396,-5.191545,-0.630400,-19.863490,-67.586334,8.417916,-21.871709,-30.499400,28.833808,-17.470934,53.376320,-63.891058,-8.889349,25.292733,-42.883575,-9.810516,-18.968612,-48.684994
310.000000,40.755022,4.424723,76.137549,0.088861,10.216076,2.021251,-11.642101,4.601643,4.332618,8.724150,-12.999419,0.204077,-16.649505,-7.592235,-0.606697,19.542742,-15.727701,5.770020,-5.298521,-0.476822,-19.909706,-68.654398,8.377335,-22.365622,-30.605241,27.548805,-18.161514,53.310825,-65.092133,-9.670616,24.914915,-43.300111,-8.578480,-19.502214,-48.100723
311.000000,40.811977,4.434838,76.138395,0.156578,10.190240,1.925272,-11.525369,4.553486,4.419325,8.706948,-13.025834,0.288566,-16.631560,-7.635916,-0.515597,19.615193,-15.774819,5.771869,-5.332869,-0.295623,-20.035860,-69.826793,8.602140,-22.589075,-31.350100,27.340301,-18.147095,54.767264,-67.098426,-10.239746,24.451572,-44.011444,-8.120980,-19.871018,-48.595109
312.000000,40.873373,4.441012,76.125062,0.224930,10.207871,1.830256,-11.449873,4.518683,4.553284,8.680658,-13.011930,0.319490,-16.663163,-7.686108,-0.427629,19.693959,-15.810182,5.860183,-5.286196,-0.245087,-20.355571,-71.029521,8.388361,-22.815719,-32.208160,27.791031,-17.683390,57.227307,-68.936170,-10.693883,23.871747,-44.952992,-10.392729,-19.370842,-51.521473
313.000000,40.954992,4.441104,76.122856,0.314207,10.274873,1.738130,-11.386711,4.450276,4.656277,8.584558,-12.949316,0.367055,-16.691133,-7.749970,-0.314187,19.689608,-15.859421,5.945891,-5.122663,-0.315710,-20.879089,-71.951569,8.251437,-22.551543,-32.426019,29.450550,-16.161324,60.372882,-69.612373,-10.600841,23.346352,-45.282675,-13.557867,-17.989163,-55.767815
314.000000,41.072357,4.427490,76.119536,0.407878,10.266419,1.673429,-11.218147,4.374200,4.711266,8.496900,-12.910338,0.419873,-16.582344,-7.818026,-0.231512,19.668728,-15.920249,6.000469,-5.004976,-0.363871,-21.316003,-72.511891,8.221477,-22.131437,-32.245514,31.041376,-14.542574,62.645921,-68.977944,-9.807471,23.209941,-44.929080,-15.316691,-16.814338,-58.997945
315.000000,41.201156,4.408795,76.093102,0.493093,10.060830,1.638784,-10.875686,4.312189,4.736348,8.538724,-13.078602,0.565962,-16.284399,-7.877867,-0.151166,19.770688,-16.151854,6.001444,-5.031747,-0.222354,-21.353398,-72.467009,8.233805,-21.673519,-32.148382,32.472768,-13.043081,64.269942,-67.898644,-9.055540,22.775437,-44.555346,-17.066054,-15.850033,-60.608811
316.000000,41.315979,4.379838,76.064253,0.572974,9.677607,1.604486,-10.446481,4.279830,4.777956,8.813234,-13.385509,0.797236,-15.882475,-7.920756,-0.062795,20.056926,-16.473066,5.934857,-4.968690,-0.107892,-21.170515,-71.492669,8.431788,-21.781941,-32.369404,32.897111,-11.832321,65.478756,-66.525353,-8.477824,22.684766,-44.650022,-17.555330,-15.442202,-61.540448
317.000000,41.417110,4.358168,76.022834,0.646583,9.225482,1.501184,-9.918422,4.272762,4.858263,9.071175,-13.756623,1.061451,-15.506165,-7.939740,0.050491,20.495200,-16.826448,5.827300,-4.858799,-0.013522,-20.839916,-70.024124,8.872959,-22.134683,-32.674344,32.728340,-10.847435,65.784093,-65.265804,-8.286391,23.163162,-44.961445,-17.486620,-15.088504,-62.291851
318.000000,41.503364,4.337219,76.008791,0.698587,8.851137,1.451472,-9.513549,4.269948,4.913818,9.325712,-13.968665,1.143602,-15.154831,-7.956166,0.099267,20.791333,-17.031497,5.851148,-4.754438,-0.085221,-20.752177,-68.724236,9.182448,-22.489863,-33.230236,31.998238,-11.482830,65.547632,-64.137771,-8.399206,23.533198,-45.387334,-17.906669,-14.817225,-63.061333
319.000000,41.581491,4.310210,76.016843,0.748325,8.572240,1.423965,-9.238486,4.266407,4.950180,9.593520,-14.102459,1.150605,-14.875580,-7.978995,0.110365,21.008321,-17.137066,5.859014,-4.532970,-0.268968,-20.864189,-68.216603,9.475924,-22.794211,-33.610442,31.720088,-11.290535,65.553041,-63.421182,-8.621276,23.813000,-45.781768,-17.981238,-14.630544,-63.386095
320.000000,41.641507,4.297251,76.010704,0.753491,8.395352,1.421035,-9.052866,4.288942,4.943271,9.753035,-14.276576,1.145203,-14.684533,-7.977515,0.087664,21.153644,-17.258239,5.824229,-4.543446,-0.177500,-20.746947,-68.174509,9.744692,-22.947974,-33.938684,31.921319,-11.005616,65.573450,-63.515678,-8.682402,24.167337,-45.888551,-17.829148,-14.576430,-63.268315
321.000000,41.683394,4.282921,76.011306,0.731534,8.367778,1.479909,-9.027805,4.315898,4.898019,9.810664,-14.344765,1.090089,-14.612174,-7.958667,0.029796,21.185882,-17.316030,5.800388,-4.664344,-0.082077,-20.670254,-68.496013,10.016703,-22.782110,-33.871605,32.330840,-10.612082,65.506698,-64.037996,-8.664816,24.288650,-45.634318,-17.305123,-14.732730,-62.852330
322.000000,41.709900,4.257135,76.022732,0.677725,8.470610,1.596288,-9.121687,4.363957,4.817203,9.736033,-14.259634,1.003401,-14.617320,-7.929521,-0.110808,21.079857,-17.278014,5.815603,-4.710514,-0.090964,-20.750765,-68.858921,10.227161,-22.658053,-33.149872,32.353240,-10.345606,65.550965,-64.350778,-8.836795,24.027733,-45.055807,-16.096847,-15.459409,-61.816750
323.000000,41.744307,4.239316,76.021540,0.584792,8.564910,1.731072,-9.110043,4.432564,4.701979,9.474587,-14.198945,0.921334,-14.559479,-7.884275,-0.320647,20.879989,-17.271948,5.857098,-4.811013,0.032769,-20.649866,-68.764671,10.766318,-22.583361,-31.758204,32.716575,-10.464269,65.159936,-64.385577,-9.610555,23.540640,-43.973072,-15.035215,-16.810653,-59.395352
324.000000,41.767219,4.219602,76.013267,0.503726,8.590323,1.881521,-9.074699,4.498240,4.593905,9.292817,-14.188542,0.793723,-14.471299,-7.838942,-0.484222,20.771801,-17.322154,5.908302,-4.942923,0.164511,-20.568005,-68.022749,12.772957,-22.096355,-29.538266,34.448807,-11.126117,64.360231,-63.743908,-11.666839,22.240414,-41.933397,-15.114042,-18.552991,-56.112695
325.000000,41.754028,4.196304,76.002479,0.469408,8.565911,2.000621,-9.104941,4.513800,4.446264,9.317225,-14.202395,0.716281,-14.453167,-7.834544,-0.622401,20.852848,-17.398000,6.006421,-5.001255,0.197373,-20.653167,-66.108356,16.856972,-20.980779,-25.975127,36.692825,-11.717388,62.526885,-61.712590,-16.033570,18.809375,-38.211667,-20.032443,-17.864194,-53.946268
326.000000,41.786602,4.149512,76.027226,0.287195,8.476440,2.040821,-8.812955,4.731321,4.372080,8.985983,-14.066210,0.694828,-14.015332,-7.601746,-0.862786,20.283256,-17.183496,6.179367,-4.712289,0.067263,-20.762056,-62.519262,22.920706,-18.339384,-19.173886,36.895371,-11.587356,57.641660,-57.867903,-23.212659,13.371745,-31.817989,-27.666404,-14.867806,-49.695613
327.000000,41.855535,4.095200,76.057708,0.059614,8.164558,1.969591,-8.116238,5.054029,4.378596,8.473524,-13.972059,0.500640,-13.195104,-7.254972,-1.079806,19.440050,-16.816013,6.348708,-4.115025,0.052127,-20.751482,-57.356664,29.567336,-14.340976,-9.080877,33.833103,-13.042865,42.759013,-51.584672,-29.816839,7.234332,-22.243911,-30.908136,-11.106694,-42.234475
328.000000,41.986230,4.048818,76.096982,-0.038044,7.797601,1.976389,-7.388464,5.211853,4.459889,8.104353,-13.964402,0.322514,-12.274179,-7.106276,-1.313016,18.684618,-16.636666,6.432892,-3.582657,-0.052859,-21.093380,-50.905280,35.872287,-9.845479,4.734968,33.100681,-8.338675,34.202825,-44.085548,-34.329238,1.193756,-9.003841,-30.506313,-5.839604,-40.407375
329.000000,42.155975,4.016244,76.107389,-0.159964,7.235608,1.984946,-6.389197,5.403596,4.512928,7.731651,-14.153430,0.100746,-11.150004,-6.920150,-1.455506,18.064995,-16.600222,6.213552,-3.427156,-0.329974,-21.166468,-44.700556,38.679283,-5.882141,18.955621,31.066900,-4.746909,29.372235,-37.447817,-36.161911,-4.662635,6.953498,-26.910158,-2.566307,-37.336567
330.000000,42.305622,4.012186,76.070184,-0.177141,6.686803,2.084537,-5.651908,5.428465,4.399464,7.760030,-14.576496,0.140651,-10.308459,-6.911010,-1.533283,18.008724,-16.925738,5.899054,-3.212679,-0.670658,-20.353769,-39.016964,37.678640,-1.795771,26.995385,26.790859,-4.459722,28.114221,-31.998128,-35.390349,-9.012202,15.416121,-21.674600,-2.447425,-39.324309
331.000000,42.402887,4.014072,76.030844,-0.052557,6.299776,2.171072,-5.254500,5.291310,4.328937,7.989539,-14.897959,0.320344,-9.933133,-7.077023,-1.552439,18.386953,-17.308603,5.764931,-3.152357,-1.101806,-19.353411,-33.813562,36.433960,0.708768,30.343693,25.193315,-4.806094,27.912490,-27.051200,-35.045427,-10.659528,17.742576,-20.930030,-3.495295,-38.602392
332.000000,42.482495,4.027583,76.001292,0.015056,5.948187,2.232209,-4.815634,5.203154,4.266774,8.067130,-15.151192,0.339372,-9.607699,-7.180004,-1.605846,18.752319,-17.664737,5.679298,-3.369839,-1.236962,-18.922231,-29.865805,34.830854,1.858398,31.050388,24.645044,-6.410693,24.749291,-23.930888,-34.451416,-10.217986,18.059029,-20.073007,-5.494418,-33.878893
333.000000,42.468309,4.043071,76.000065,0.057357,5.685254,2.235133,-4.435995,5.141524,4.253430,7.897013,-15.173255,0.324197,-9.451555,-7.239026,-1.605167,19.048334,-17.808497,5.654878,-3.466864,-1.159931,-18.703233,-29.027047,33.423613,2.090435,30.523497,24.044918,-7.157949,23.941546,-23.822761,-33.771252,-9.094674,17.145368,-18.460181,-6.250011,-33.204586
334.000000,42.356029,4.049588,76.027304,0.116741,5.707210,2.220254,-4.436954,5.055620,4.239415,7.648145,-14.876190,0.261967,-9.671166,-7.311296,-1.578459,19.233592,-17.726530,5.783346,-3.332879,-1.079933,-19.017335,-30.705532,32.778607,1.169053,29.716087,23.361730,-7.272456,24.576271,-26.006823,-34.148948,-7.671992,15.813479,-18.153412,-6.197353,-33.970414
335.000000,42.226669,4.057202,76.070464,0.179935,6.107972,2.191055,-4.874583,4.954441,4.322881,7.357281,-14.378829,0.156963,-10.297576,-7.371185,-1.416741,19.303721,-17.425334,5.985496,-3.100882,-0.927250,-19.670364,-33.903789,32.346304,-0.763699,28.644995,22.346168,-7.226889,25.947545,-29.551257,-34.494269,-5.676504,13.748694,-17.215944,-6.679642,-34.624555
336.000000,42.112982,4.073269,76.091415,0.183886,6.601695,2.140146,-5.390197,4.909886,4.363160,7.013759,-13.955824,0.176686,-10.947193,-7.399327,-1.376529,19.193960,-17.135949,6.133262,-3.165102,-0.717956,-19.905531,-38.289081,30.840886,-3.213837,26.659552,20.579881,-7.799435,26.347299,-33.866509,-34.093682,-2.114827,10.795181,-16.159121,-7.162596,-34.034778
337.000000,41.980451,4.076007,76.127040,-0.058625,7.166816,2.261472,-6.044286,5.109896,4.207604,6.678985,-13.476902,0.262650,-11.388588,-7.171443,-1.602111,18.549727,-16.635913,6.106116,-3.416996,-0.248253,-19.506568,-43.977836,28.416971,-6.798282,23.262907,17.989806,-8.642200,26.958649,-39.359173,-32.098754,3.366886,6.020458,-13.041576,-7.671011,-34.771824
338.000000,41.824797,4.068204,76.161277,-0.156323,7.459793,2.367396,-6.635466,5.184986,4.043457,6.811909,-13.132287,0.480498,-11.840267,-7.092096,-1.701264,18.502458,-16.278767,5.872574,-3.838528,0.076179,-18.798127,-48.352108,24.069611,-11.575872,16.106170,11.936533,-11.904362,27.693040,-43.518694,-28.010105,8.855994,-0.589004,-7.685155,-9.400662,-31.559934
339.000000,41.668227,4.046365,76.178080,-0.162740,7.793714,2.339810,-7.352346,5.205121,3.999240,7.190177,-12.979593,0.607361,-12.574057,-7.073895,-1.656922,18.869449,-16.157429,5.592421,-4.109846,0.225118,-17.884246,-51.456224,20.681273,-17.370947,7.456586,8.330791,-14.323217,25.176132,-46.836427,-24.127554,14.135382,-8.967193,-4.348875,-10.216139,-29.275946
340.000000,41.585031,4.031336,76.166028,-0.127727,8.146358,2.187882,-7.910650,5.222299,4.134970,7.437118,-12.964251,0.829276,-13.338155,-7.053779,-1.481836,19.333300,-16.173818,5.298624,-4.434239,0.422117,-17.205716,-52.946657,17.890675,-23.158508,-1.704831,4.991260,-15.607580,23.984793,-49.656066,-20.767982,20.524983,-16.629023,0.316619,-10.760064,-26.597870
341.000000,41.560471,4.023419,76.149762,0.084082,8.463578,2.020994,-8.346195,5.035243,4.327540,7.633696,-12.939974,1.066689,-14.090752,-7.242397,-1.188512,19.972390,-16.346946,4.968035,-4.674964,0.206369,-17.075963,-53.119447,15.445011,-26.933155,-9.069588,3.037189,-15.768844,28.134002,-51.108089,-18.176277,25.350727,-22.478612,3.370392,-11.316611,-30.004341
342.000000,41.587666,3.995930,76.124752,0.182299,8.741309,1.907314,-8.611211,4.968725,4.397074,7.625339,-12.960701,1.149535,-14.592858,-7.263444,-0.933951,20.342620,-16.527029,4.941276,-4.736495,-0.053653,-16.853994,-52.213805,15.757180,-26.019223,-14.266900,3.028986,-16.876052,27.446101,-50.692783,-17.941637,24.698531,-27.395798,3.605297,-12.177159,-30.921137
343.000000,41.631889,3.952631,76.117796,0.216121,8.874519,1.970424,-8.725823,4.936691,4.336867,7.590172,-12.922284,1.153143,-14.735483,-7.296905,-0.961942,20.448232,-16.635733,4.910707,-4.510704,-0.185761,-16.911975,-52.006334,17.848331,-25.303324,-18.030921,3.453465,-16.808312,28.279821,-49.718190,-19.577983,23.179212,-30.836941,4.619293,-12.551984,-31.571320
344.000000,41.672990,3.928715,76.141506,0.141581,8.973856,2.160875,-8.820012,4.966138,4.180436,7.506811,-12.789030,1.142375,-14.684830,-7.285661,-1.213557,20.289121,-16.571374,4.968407,-4.544452,-0.025927,-17.231411,-52.150144,19.429267,-25.845967,-20.466317,3.785909,-16.167678,30.276664,-48.517265,-21.099986,22.745524,-32.461027,5.393146,-12.769925,-32.210332
345.000000,41.720033,3.915305,76.160479,0.039032,9.116677,2.330431,-8.912518,5.034865,4.081863,7.336835,-12.620744,1.152908,-14.621386,-7.230297,-1.407723,19.989647,-16.412543,5.057620,-4.748274,0.120650,-17.624943,-52.304192,19.514653,-26.814244,-21.846531,4.013147,-15.551924,31.301015,-47.705811,-21.384718,23.198645,-33.321689,5.485255,-12.710470,-32.444396
346.000000,41.740477,3.897158,76.167381,-0.026595,9.152331,2.377758,-8.951824,5.106449,3.980652,7.314312,-12.576082,1.249067,-14.537580,-7.160816,-1.472421,19.794622,-16.352953,4.933256,-5.108609,0.198086,-17.670259,-52.443528,17.297406,-29.140951,-22.893356,3.179891,-15.663210,31.254061,-47.424333,-18.698980,25.069547,-33.539569,6.323786,-12.787008,-32.611896
347.000000,41.715893,3.901759,76.144189,0.002177,8.969804,2.216375,-8.815054,5.139077,4.049263,7.520248,-12.815408,1.553954,-14.448026,-7.110234,-1.249061,19.916318,-16.491794,4.810296,-5.335319,0.168056,-17.440878,-51.908201,15.849768,-28.632600,-23.072094,6.594663,-14.191893,33.292842,-46.780874,-15.736534,25.483557,-33.662007,5.760331,-11.997946,-34.671440
348.000000,41.717279,3.868557,76.123983,0.067274,8.876400,2.065248,-8.752256,5.144272,4.148443,7.707407,-12.971432,1.680586,-14.461452,-7.083037,-1.083024,20.086328,-16.615542,4.750858,-5.351870,0.007660,-17.230638,-50.471785,16.539213,-27.365563,-23.498234,6.500607,-14.556499,33.254234,-45.018429,-15.589958,24.717763,-34.120869,6.501217,-12.467296,-33.743768
349.000000,41.757283,3.836691,76.130193,0.135224,8.980627,1.925273,-8.743430,5.132762,4.343582,7.609450,-12.938076,1.413744,-14.580658,-7.072639,-0.950113,20.077671,-16.595586,4.854628,-4.847608,-0.199454,-17.474414,-48.955207,19.528373,-24.777536,-23.352511,7.047174,-14.151205,32.756481,-42.614086,-18.007435,22.757176,-34.492206,7.709659,-12.841414,-33.194036
350.000000,41.797513,3.838981,76.148468,0.163561,9.124369,1.805404,-8.613540,5.119646,4.506711,7.144114,-12.732651,1.230755,-14.635343,-7.075012,-0.930301,19.842784,-16.501122,5.147427,-4.202139,-0.213128,-17.547425,-46.660372,22.777701,-20.486765,-22.833840,9.516647,-13.542120,33.186557,-39.204685,-20.855279,18.577095,-34.719962,6.911764,-12.609573,-33.045241
351.000000,41.840175,3.869874,76.148242,0.140253,9.213128,1.846103,-8.409326,5.086404,4.521403,6.576740,-12.535137,1.150080,-14.536657,-7.104725,-1.008736,19.525363,-16.390407,5.291386,-4.098869,0.067646,-17.411931,-42.928825,24.840679,-16.636452,-22.352344,9.456306,-13.386979,32.509846,-35.947835,-23.754194,14.248530,-34.698625,4.504983,-12.046428,-32.219399
352.000000,41.835153,3.914240,76.150930,0.060788,9.048239,1.955619,-8.079865,5.092125,4.405343,6.216444,-12.438151,1.244841,-14.172024,-7.087876,-1.104565,19.235558,-16.334983,5.091178,-4.258895,0.466338,-16.888845,-39.572801,23.065742,-16.914873,-22.719289,5.482230,-13.725754,32.323006,-33.782242,-23.644571,14.737661,-34.938207,5.150377,-12.092591,-31.711090
353.000000,41.773301,3.938678,76.133728,0.051653,8.710787,1.964160,-7.758710,5.088471,4.355197,6.236577,-12.569915,1.453792,-13.867902,-7.079629,-1.049817,19.298297,-16.461726,4.813694,-4.658234,0.770892,-16.367006,-39.146768,20.820208,-22.618940,-22.770129,4.511806,-13.825615,29.858783,-33.776218,-21.321945,20.630451,-35.231376,7.424174,-12.151971,-30.246198
354.000000,41.694447,3.936946,76.122659,0.036649,8.462890,1.884749,-7.600887,5.142921,4.372554,6.406401,-12.681335,1.753373,-13.805186,-7.028014,-1.000058,19.572433,-16.615065,4.572711,-4.879241,1.010278,-16.171830,-41.030411,19.383662,-29.909928,-22.427304,4.507001,-13.352720,30.819688,-35.464043,-19.667900,26.537706,-35.022058,8.066103,-12.246881,-30.724629
355.000000,41.553614,3.932230,76.136857,0.059028,8.534948,1.707641,-7.774669,5.169583,4.551011,6.422602,-12.532344,1.786713,-14.177988,-6.983836,-0.868994,19.796851,-16.500894,4.652494,-4.629790,1.082899,-16.125288,-43.334856,21.246050,-30.960749,-22.871028,6.220152,-13.916599,33.532035,-36.732757,-20.629033,26.248245,-35.375155,7.021966,-12.495335,-33.805618
356.000000,41.449052,3.937110,76.178432,0.109982,8.953445,1.639656,-8.208521,5.111178,4.724466,6.160766,-12.141723,1.536483,-14.736770,-7.024239,-0.806331,19.697096,-16.207819,4.930364,-4.173209,1.166871,-16.479682,-45.047584,27.045609,-27.294974,-23.506818,8.889989,-13.593734,38.362919,-37.187614,-25.026957,20.990674,-36.006691,5.568284,-12.780587,-37.143914
357.000000,41.432494,3.963703,76.208675,0.055705,9.581564,1.801783,-8.760874,5.062506,4.681831,5.685047,-11.711036,1.192326,-15.153441,-7.084360,-1.009398,19.134546,-15.819345,5.258523,-3.929304,1.386852,-16.831674,-45.559100,33.266822,-23.034212,-23.981530,9.484183,-13.354643,42.735449,-37.361172,-30.651485,15.554762,-36.649613,4.595752,-13.822204,-39.554729
358.000000,41.443932,4.000412,76.232290,-0.007780,10.018440,1.888978,-9.081731,5.041653,4.614468,5.271502,-11.369037,1.046171,-15.295717,-7.095147,-1.132918,18.454456,-15.443580,5.475698,-3.939543,1.675404,-16.895456,-44.947996,36.446306,-20.190201,-24.040435,8.391613,-13.269002,44.471314,-38.153068,-33.884265,13.227964,-37.473563,3.012200,-14.036126,-40.717848
359.000000,41.466317,4.029917,76.245737,0.031658,10.028488,1.702442,-9.030141,5.030019,4.730375,5.250637,-11.315721,1.182275,-15.200987,-7.077010,-0.934813,18.141358,-15.271494,5.496152,-3.946413,1.726067,-16.653234,-44.574224,33.161354,-21.086517,-25.066815,7.524738,-13.271771,47.286199,-39.594668,-32.324816,15.970509,-39.515151,2.324160,-14.459172,-41.481938
360.000000,41.480684,4.054904,76.214719,0.117336,9.661033,1.496442,-8.800259,5.009408,4.883462,5.766219,-11.748656,1.414009,-14.963954,-7.079833,-0.619193,18.415088,-15.514198,5.227081,-4.085985,1.669247,-16.271799,-44.702697,26.866226,-25.596240,-25.712351,7.908952,-13.519668,45.353453,-40.888972,-27.103961,21.925959,-40.450139,3.594841,-14.482813,-39.902481
361.000000,41.476452,4.073496,76.144552,0.186332,9.080552,1.431215,-8.559727,4.983907,4.894262,6.707157,-12.502873,1.776111,-14.717605,-7.126248,-0.436831,19.263772,-16.121654,4.749358,-4.508550,1.633688,-15.704364,-44.965598,20.078489,-30.771430,-25.190586,7.696205,-13.831898,42.421759,-42.260375,-21.408997,27.437073,-39.068419,4.497307,-13.859021,-36.331433
362.000000,41.462073,4.063881,76.096958,0.244284,8.588795,1.400542,-8.346742,4.958366,4.776909,7.472414,-13.043850,2.226073,-14.594782,-7.159547,-0.375757,20.160067,-16.690272,4.410093,-4.627514,1.674150,-15.084049,-44.216514,17.450184,-29.853722,-24.940236,5.595692,-13.855320,43.811753,-42.301175,-18.225815,26.418951,-38.317102,7.087196,-13.566982,-36.506466
363.000000,41.456479,4.040278,76.102656,0.322026,8.566628,1.465087,-8.489242,4.880745,4.755033,7.789899,-13.141336,1.972239,-14.858378,-7.244078,-0.368169,20.774558,-16.866145,4.625193,-4.420312,1.480985,-15.550679,-44.309613,22.337041,-24.462273,-25.239016,7.263310,-14.333579,43.601687,-42.162795,-21.525908,20.914797,-38.649233,4.942450,-14.038789,-38.653338
364.000000,41.536736,4.031488,76.132154,0.363097,8.977281,1.602615,-8.777123,4.788778,4.788740,7.492163,-12.889545,1.474863,-15.172492,-7.352294,-0.487505,20.671661,-16.724237,5.081236,-4.023292,1.374850,-16.552806,-44.896326,29.175962,-19.230700,-25.035906,9.724673,-13.764009,43.938709,-41.678122,-27.509902,15.445400,-38.441852,1.508585,-13.645767,-39.088667
365.000000,41.682860,4.044957,76.172912,0.258777,9.443547,1.772093,-8.912354,4.811725,4.699594,6.832787,-12.514413,1.067832,-15.144387,-7.323931,-0.693429,19.904638,-16.412050,5.402212,-3.655952,1.358999,-17.360401,-45.475502,33.444400,-15.840150,-24.334760,10.721431,-13.278584,45.074099,-40.462874,-31.802799,12.481929,-37.951550,1.110578,-13.975976,-38.772614
366.000000,41.816351,4.075257,76.194370,0.112946,9.576779,1.875987,-8.767927,4.904866,4.605066,6.385217,-12.354872,0.919804,-14.734279,-7.227680,-0.872571,19.033861,-16.072282,5.487044,-3.493916,1.405805,-17.608759,-45.342593,33.009232,-15.466347,-24.333654,10.992880,-13.151770,46.002284,-39.897969,-32.338886,13.266299,-37.674528,1.645920,-14.084817,-39.003775
367.000000,41.883463,4.091344,76.175594,0.055665,9.301394,1.923030,-8.489969,4.961086,4.478606,6.549882,-12.566279,1.211632,-14.209251,-7.198217,-0.979317,18.745126,-16.152801,5.235089,-3.579301,1.337196,-17.186721,-44.507804,28.461453,-18.598018,-25.180712,10.130362,-13.447804,45.600583,-39.451029,-28.999948,16.620092,-37.729692,1.839586,-13.842878,-38.686618
368.000000,41.887835,4.082849,76.122463,0.098151,8.738457,1.903033,-8.098701,4.955936,4.378126,7.106227,-13.046862,1.674911,-13.788946,-7.222827,-0.926270,19.224985,-16.592307,4.758142,-3.897284,1.207786,-16.378968,-43.700950,22.405029,-24.018312,-25.037259,8.871052,-14.082430,42.881598,-38.863933,-23.415859,20.824748,-37.142343,3.310083,-13.854440,-35.507442
369.000000,41.859952,4.065339,76.065803,0.165749,8.275535,1.834352,-7.846678,4.947223,4.377444,7.711750,-13.617194,1.925731,-13.711347,-7.248507,-0.801240,20.082351,-17.114200,4.340275,-4.260253,1.087304,-15.861781,-43.490803,18.663673,-28.937107,-23.866587,9.204302,-14.021000,38.859081,-39.309422,-18.622728,25.590835,-35.890790,5.551319,-13.421941,-33.356048
370.000000,41.818303,4.043167,76.061594,0.170842,8.167291,1.908894,-7.906916,4.947461,4.335077,7.995573,-13.714771,1.992507,-13.849044,-7.241534,-0.806123,20.604712,-17.294297,4.286739,-4.285294,1.082166,-15.795635,-43.705158,19.433587,-27.798283,-24.162201,7.101355,-14.229023,40.279046,-39.695874,-18.709311,23.852708,-36.003570,6.580357,-14.772567,-36.727693
371.000000,41.798407,4.013138,76.101661,0.218313,8.462733,1.910656,-8.202754,4.904693,4.348738,7.865607,-13.442433,1.663176,-14.252654,-7.298406,-0.888806,20.679038,-17.126375,4.676080,-3.704378,0.904452,-16.753279,-44.989602,25.458074,-23.079766,-24.197911,9.957729,-13.954666,40.412744,-40.197798,-23.440031,18.837817,-35.388057,6.271469,-14.078182,-36.870809
372.000000,41.835949,4.017397,76.145029,0.198736,9.127161,1.974491,-8.797985,4.871653,4.350886,7.529155,-13.053601,1.118373,-14.735421,-7.335693,-1.023955,20.198428,-16.718908,5.274301,-3.210409,0.851383,-17.666149,-46.224200,31.782106,-18.592046,-23.688059,12.418010,-13.344274,40.884894,-40.835813,-29.780974,14.661892,-35.830725,3.957933,-13.424965,-35.650650
373.000000,41.914204,4.033193,76.183075,0.065741,9.716172,2.097776,-9.305876,4.940328,4.286850,7.230666,-12.737713,0.783409,-14.880995,-7.267577,-1.228568,19.311175,-16.290047,5.554265,-3.024435,1.046234,-18.078877,-46.739025,35.431944,-15.796991,-22.774946,12.234784,-12.960024,42.176152,-40.891472,-33.516698,12.019235,-35.920368,3.178115,-13.736896,-36.708613
374.000000,41.990539,4.029652,76.201826,-0.029619,9.867243,2.129834,-9.405902,5.041221,4.291980,7.174480,-12.641079,0.840012,-14.638622,-7.175628,-1.347118,18.597565,-15.981719,5.576496,-2.988288,1.055552,-17.924073,-46.000696,36.016889,-15.418076,-22.150321,12.334265,-13.172369,42.025218,-39.834804,-34.010671,12.031471,-35.906404,2.941982,-14.103147,-36.000886
375.000000,42.034233,4.021734,76.171756,-0.064193,9.543359,2.047800,-9.071599,5.141699,4.292755,7.374780,-12.971411,1.086297,-14.201866,-7.044290,-1.118778,18.518967,-16.039664,5.232652,-3.209235,1.134575,-17.208921,-44.128681,32.768720,-16.925009,-22.319161,11.387600,-13.424853,41.441657,-39.131677,-31.216133,14.113491,-36.055145,2.951058,-13.856567,-35.221428
376.000000,42.062575,4.004478,76.121724,-0.012396,9.026368,1.854090,-8.590769,5.198508,4.418201,7.786932,-13.442446,1.449125,-13.905885,-7.001548,-0.912292,19.067954,-16.448086,4.843605,-3.463239,1.076149,-16.431784,-42.067360,26.954754,-20.294756,-22.818899,10.053305,-13.902480,39.758521,-38.048935,-26.050418,17.962989,-36.178050,3.901462,-13.931894,-33.847050
377.000000,42.085797,3.976252,76.069897,0.064732,8.594182,1.691648,-8.243658,5.213364,4.518764,8.263480,-13.929647,1.706247,-13.840671,-6.972031,-0.637779,19.919782,-16.906134,4.448448,-3.699880,0.924593,-16.064385,-40.999337,21.157855,-25.526237,-22.929719,7.873979,-14.663246,36.202294,-37.471907,-21.271629,23.023176,-35.665933,6.576888,-14.077186,-30.960879
378.000000,42.124385,3.952733,76.032478,0.111842,8.324149,1.615960,-8.005772,5.218747,4.536178,8.550213,-14.244999,1.905113,-13.801213,-6.961106,-0.515109,20.544857,-17.261339,4.283099,-3.922903,0.925965,-16.035519,-41.604028,18.456995,-28.297515,-22.595516,8.295613,-14.590532,35.889212,-37.877145,-18.447866,26.019672,-35.100264,9.255875,-13.828571,-31.122320
379.000000,42.133003,3.937636,76.052016,0.129337,8.264674,1.684096,-7.970914,5.197127,4.500640,8.595711,-14.137162,1.868846,-13.776638,-6.994575,-0.608170,20.681222,-17.338765,4.486820,-4.053117,0.990124,-16.506645,-42.961688,21.130169,-25.739056,-23.010697,9.059770,-14.562916,37.241938,-39.191656,-20.783200,22.635681,-34.817610,8.050360,-13.902178,-32.252167
380.000000,42.143065,3.934884,76.108307,0.137840,8.625653,1.858356,-8.357876,5.117199,4.440912,8.446004,-13.742047,1.472208,-14.017655,-7.117694,-0.932248,20.402339,-17.069789,4.966528,-3.501450,0.978668,-17.653399,-44.834393,26.669001,-22.199501,-23.226383,10.707460,-14.189412,38.888266,-40.504651,-26.259046,17.859083,-35.000526,3.932466,-13.859809,-34.760199
381.000000,42.199042,3.928300,76.158684,0.097508,9.192782,1.872073,-8.706627,5.142181,4.523107,7.893236,-13.332550,1.018805,-14.346467,-7.109052,-1.084737,19.836375,-16.633396,5.298922,-3.080870,1.027836,-18.281049,-46.147036,31.648180,-19.252734,-22.842581,11.479723,-13.784655,40.176238,-41.157426,-30.897225,14.943274,-35.069227,3.500768,-13.929938,-36.138657
382.000000,42.255130,3.924804,76.181734,0.020424,9.507730,1.816407,-8.770838,5.235569,4.630283,7.408726,-13.064861,0.831591,-14.397772,-7.001078,-1.100459,19.249464,-16.319028,5.412643,-3.038738,1.221697,-18.360127,-45.952901,34.552612,-16.876043,-22.090995,11.566101,-13.706570,40.792437,-41.034202,-33.773612,12.647643,-34.629411,3.221123,-14.143400,-36.000370
383.000000,42.298102,3.930217,76.166666,-0.021727,9.423433,1.759212,-8.562323,5.301180,4.651825,7.276846,-13.088554,0.972331,-14.132635,-6.926912,-1.054307,18.942176,-16.247478,5.262380,-3.116214,1.307330,-17.731064,-44.207720,33.878889,-16.810074,-22.344588,9.961979,-14.162706,40.647217,-40.326560,-33.395179,12.888045,-34.932815,3.359410,-14.179634,-35.895048
384.000000,42.334041,3.936488,76.121306,0.041708,9.042959,1.631511,-8.164911,5.275207,4.700048,7.514302,-13.423945,1.341668,-13.814414,-6.934185,-0.872452,19.182455,-16.548205,4.987908,-3.395157,1.233335,-16.978148,-41.541115,30.507774,-18.052456,-22.771238,8.392075,-14.568498,38.996945,-38.855747,-30.443714,14.866511,-35.474189,4.233110,-14.114488,-34.432927
385.000000,42.355141,3.932991,76.078516,0.160699,8.562449,1.472862,-7.760234,5.213635,4.830474,7.978489,-13.850620,1.709893,-13.627295,-6.989608,-0.652062,19.896387,-17.005631,4.620961,-3.505906,1.166893,-16.348635,-39.206621,25.460001,-21.350980,-22.944170,6.363209,-14.433950,37.615064,-37.305049,-26.460535,18.385426,-35.893911,6.478181,-14.000164,-32.404665
386.000000,42.371199,3.934392,76.042223,0.241281,8.214141,1.335296,-7.525514,5.185313,4.909024,8.460652,-14.242005,1.913958,-13.563781,-7.018476,-0.460739,20.565660,-17.372704,4.335458,-3.851592,1.235381,-16.067672,-38.180959,21.493024,-26.464447,-22.793053,3.774594,-14.789673,34.795986,-37.080844,-22.931271,23.693291,-35.630290,8.617989,-13.712371,-30.157884
387.000000,42.374101,3.929581,76.030630,0.250979,8.044587,1.278068,-7.379112,5.206924,4.929880,8.609932,-14.400347,1.954869,-13.469767,-6.996564,-0.370359,20.761805,-17.492606,4.217835,-4.083041,1.333191,-16.230464,-39.512057,20.326489,-29.721998,-22.655582,4.926305,-14.420367,36.014525,-37.975719,-20.842466,28.078165,-35.225666,10.407945,-13.543549,-30.426659
388.000000,42.315537,3.942427,76.052707,0.219095,8.121969,1.318990,-7.535330,5.217429,4.876986,8.598820,-14.279319,1.861006,-13.550264,-6.993026,-0.446295,20.647727,-17.406278,4.547661,-4.134703,1.489115,-16.597466,-41.256129,21.534123,-27.690319,-22.756693,6.617540,-14.614486,38.045315,-39.631377,-21.664523,25.818774,-35.115918,8.292186,-14.548740,-33.385869
389.000000,42.268819,3.927655,76.098961,0.209912,8.508469,1.398284,-7.960188,5.202984,4.890970,8.397543,-13.875003,1.655029,-13.851052,-7.015985,-0.584531,20.309081,-17.154700,4.871721,-3.513055,1.336392,-17.587042,-43.398325,24.744544,-23.486529,-22.812104,7.977371,-14.759702,39.637517,-40.445488,-24.158205,20.826048,-35.070354,8.573435,-15.107822,-33.087192
390.000000,42.259505,3.944793,76.130158,0.193111,9.077786,1.486918,-8.454752,5.157016,4.857546,7.986363,-13.520488,1.260323,-14.264140,-7.077296,-0.731152,19.830773,-16.761624,5.226511,-3.299971,1.229873,-18.425777,-44.735570,28.587991,-18.526547,-22.277471,9.154495,-14.476437,40.686624,-41.797766,-28.376139,15.931867,-35.175805,5.662605,-14.507740,-33.764419
391.000000,42.305806,3.970288,76.143670,0.120310,9.493249,1.604102,-8.736485,5.155304,4.807158,7.593379,-13.327262,0.939825,-14.427844,-7.071676,-0.860659,19.318775,-16.494663,5.393630,-3.162505,1.325861,-18.650445,-45.236678,31.185360,-14.395508,-21.273244,10.190075,-13.894838,41.561209,-42.490013,-31.672332,12.963801,-35.279939,3.909744,-14.164923,-35.346543
392.000000,42.340702,3.991362,76.139385,0.044780,9.532734,1.709587,-8.704268,5.186638,4.758261,7.429521,-13.298523,0.945088,-14.250793,-7.045716,-0.982480,18.981866,-16.374736,5.396658,-3.288209,1.441309,-18.294715,-44.419879,31.227454,-13.016045,-20.903511,9.758350,-13.939845,41.937587,-41.967933,-32.927072,12.177322,-35.039598,3.011105,-14.087100,-35.313120
393.000000,42.377460,4.008743,76.118511,0.044524,9.254319,1.688657,-8.362793,5.186521,4.702701,7.483364,-13.478040,1.182560,-13.944033,-7.018379,-0.888783,19.064984,-16.549314,5.136047,-3.462412,1.394558,-17.663264,-42.915134,28.153840,-14.635707,-21.399599,8.485509,-14.032461,41.343579,-40.821022,-30.896439,14.318850,-34.878484,3.952207,-13.789112,-34.246712
394.000000,42.396840,4.008812,76.085812,0.101343,8.843005,1.600161,-8.027153,5.168614,4.747629,7.863841,-13.792694,1.518117,-13.727468,-7.039773,-0.756769,19.588469,-16.906803,4.759543,-3.680883,1.409775,-17.262185,-42.002166,23.462185,-19.815514,-22.170198,6.173860,-14.573701,38.832525,-39.795653,-26.521777,18.823954,-34.798144,6.725204,-14.043806,-32.657235
395.000000,42.413342,3.996013,76.045346,0.177759,8.484746,1.486598,-7.696833,5.147414,4.799627,8.142970,-14.114133,1.722890,-13.628778,-7.047292,-0.553861,20.232742,-17.270980,4.489039,-4.126764,1.398877,-17.260462,-42.786019,20.183105,-26.611824,-21.656033,5.714467,-14.362491,34.475288,-39.968925,-22.621494,24.470466,-33.713226,9.050638,-13.437873,-28.113989
396.000000,42.432925,3.990438,76.028061,0.158993,8.328177,1.500036,-7.497024,5.177367,4.761307,8.144151,-14.241660,1.774407,-13.503386,-7.007153,-0.480022,20.427631,-17.455563,4.430087,-4.141742,1.527939,-17.510331,-44.826624,19.048151,-29.357632,-21.166282,6.615713,-13.866227,37.448179,-41.304661,-21.103606,26.826886,-33.566254,10.120389,-14.776981,-31.373122
397.000000,42.413756,3.976002,76.067066,0.167887,8.407874,1.482754,-7.497902,5.167331,4.750547,7.922097,-13.949668,1.722315,-13.543998,-7.033100,-0.646966,20.237849,-17.303593,4.708563,-3.676926,1.516318,-18.216243,-46.916460,22.546960,-27.132928,-21.046422,7.284045,-14.205261,38.573019,-42.170332,-23.403800,23.347847,-33.218420,9.414760,-14.872713,-32.899522
398.000000,42.426413,3.964410,76.120263,0.153950,8.900238,1.536588,-7.857723,5.154590,4.792336,7.482471,-13.471171,1.212768,-13.837282,-7.041701,-0.765862,19.720083,-16.873018,5.072835,-3.301129,1.433519,-19.275072,-48.961210,28.403113,-23.661025,-21.431264,8.229759,-14.192958,39.947461,-43.718043,-28.366284,19.303330,-33.767195,7.657211,-14.541534,-35.124234
399.000000,42.485157,3.960089,76.167476,0.087989,9.497682,1.635953,-8.262573,5.176492,4.830169,6.929396,-12.993118,0.807656,-14.113348,-7.026875,-0.973618,19.030463,-16.428224,5.352361,-3.130795,1.400026,-20.047114,-50.216920,34.230490,-20.576479,-21.317797,8.770413,-14.318552,40.457348,-44.308001,-33.948120,15.693690,-33.820836,5.676332,-14.628018,-35.002332
400.000000,42.575216,3.968423,76.173151,0.004942,9.767312,1.665237,-8.268128,5.240144,4.858676,6.440698,-12.818695,0.694402,-14.019260,-6.942303,-1.034594,18.376957,-16.170657,5.453515,-3.009221,1.427627,-20.093090,-50.576516,37.366254,-18.756111,-21.052764,8.742418,-14.210214,41.121810,-44.311429,-37.464800,14.380125,-34.065360,4.681287,-14.890840,-34.665795
401.000000,42.633331,3.963358,76.168221,-0.025335,9.560858,1.625998,-7.925374,5.294284,4.860014,6.345888,-12.867606,0.837797,-13.626315,-6.872635,-0.988451,18.135875,-16.174516,5.264743,-3.014155,1.372751,-19.582924,-49.700899,37.312446,-18.219702,-21.228803,8.136939,-14.274884,41.801461,-43.710567,-37.726243,14.830933,-34.385436,4.725009,-15.035659,-34.742816
402.000000,42.656416,3.937977,76.142865,0.022801,9.065693,1.516449,-7.494690,5.324008,4.942543,6.743721,-13.229002,1.022386,-13.209576,-6.830465,-0.806435,18.423158,-16.409357,5.076849,-3.087786,1.199049,-18.913292,-47.756389,34.238386,-18.664245,-21.496233,7.416768,-14.569833,40.067519,-42.900456,-35.020139,16.758286,-34.767674,4.674328,-14.562382,-34.551738
403.000000,42.663288,3.908201,76.113856,0.101944,8.518496,1.395620,-7.116569,5.335371,5.068258,7.381344,-13.687665,1.325370,-12.921387,-6.827446,-0.623642,19.063794,-16.776171,4.768175,-3.273810,1.100293,-18.437221,-45.490590,28.635771,-20.586200,-21.725621,5.724287,-14.459212,39.415044,-41.569341,-29.975880,19.592734,-34.570736,6.861509,-14.356438,-33.105544
404.000000,42.700180,3.871816,76.094592,-0.045408,8.012636,1.323967,-6.586568,5.583622,5.068040,7.641262,-14.007470,1.575134,-12.393762,-6.584830,-0.635499,19.229964,-16.976152,4.327966,-3.613705,1.319465,-18.274035,-44.022379,22.757555,-25.834678,-21.339579,3.136189,-14.789513,35.953358,-40.406685,-23.597865,24.060482,-33.151897,14.145247,-12.766301,-26.850365
405.000000,42.688751,3.867960,76.056558,0.064222,7.986763,1.454608,-6.778630,5.429474,4.878711,7.991641,-14.202113,1.727316,-12.554398,-6.794245,-0.723406,19.709074,-17.228840,4.209949,-3.802235,1.088237,-18.382938,-43.318870,19.484549,-30.160254,-21.831702,2.484557,-14.597129,39.295632,-40.522618,-21.485883,27.869390,-33.462453,9.149021,-13.713046,-33.568245
406.000000,42.690179,3.869101,76.052314,0.091020,8.040581,1.464004,-6.827900,5.387210,4.825957,7.967805,-14.154899,1.846785,-12.602854,-6.831373,-0.705181,19.698494,-17.286586,4.282174,-3.801511,1.116362,-18.334301,-43.502086,19.717102,-31.483118,-22.933806,1.904746,-14.764502,38.205903,-40.576299,-22.283627,28.813621,-34.644769,5.791497,-13.225173,-34.595414
407.000000,42.686188,3.860507,76.106554,0.063025,8.355621,1.458485,-7.105348,5.421588,4.937061,7.763145,-13.828232,1.500070,-12.800803,-6.802779,-0.786539,19.336465,-16.984187,4.440991,-3.568673,1.177860,-19.221996,-45.923105,21.742982,-33.670056,-24.334388,2.730249,-13.757678,39.676579,-42.146881,-23.898579,30.692295,-35.881784,8.180641,-13.749590,-36.194392
408.000000,42.682019,3.871306,76.155901,0.009094,8.794759,1.550545,-7.546317,5.427154,4.909814,7.531714,-13.442154,1.283463,-12.979139,-6.786447,-0.918105,18.694470,-16.565758,4.708854,-3.345234,1.108483,-20.279105,-49.196172,23.351392,-35.425514,-24.614824,3.808330,-13.850194,41.357741,-44.647444,-26.000807,31.613056,-36.281835,7.794122,-14.530662,-36.967210
409.000000,42.658854,3.894522,76.173669,-0.062164,9.131626,1.652221,-7.875788,5.440532,4.822780,7.289035,-13.252810,1.108831,-13.082802,-6.778590,-1.048157,18.123045,-16.225782,4.829306,-3.249462,1.134870,-20.899348,-52.736908,24.238921,-36.479934,-24.662182,5.705386,-14.033370,42.834838,-48.453929,-27.644253,32.626267,-36.540289,5.675364,-14.805198,-38.305822
410.000000,42.623758,3.906117,76.154333,-0.176165,9.317061,1.772302,-8.080421,5.519936,4.661657,7.129783,-13.268780,0.950637,-13.156950,-6.699202,-1.126805,17.831283,-16.134534,4.759365,-3.559492,1.393934,-20.922387,-56.434773,25.866886,-36.931075,-25.509110,8.951796,-14.670083,44.222931,-52.728091,-28.941895,33.547768,-36.912323,2.245122,-15.765627,-40.081138
411.000000,42.578286,3.902180,76.139700,-0.261571,9.412154,1.919076,-8.284147,5.580595,4.495603,7.160941,-13.316807,0.793346,-13.269834,-6.639763,-1.200618,17.827712,-16.141873,4.628091,-3.915886,1.577981,-20.685962,-59.952908,28.253738,-37.966341,-26.904824,12.601749,-15.725486,45.848731,-56.857824,-30.504229,34.783544,-37.363208,-2.959004,-16.650654,-42.601533
412.000000,42.542428,3.878274,76.129144,-0.310695,9.484783,1.996757,-8.500390,5.644309,4.488947,7.328922,-13.399702,0.661078,-13.447078,-6.599988,-1.282156,17.994487,-16.215489,4.502221,-4.122688,1.638173,-20.465011,-63.413880,30.922794,-39.983477,-28.276689,16.204916,-17.150641,48.210183,-60.153626,-31.917696,36.723253,-37.926651,-7.146511,-18.574368,-45.018600
413.000000,42.527327,3.857627,76.118606,-0.368596,9.542285,2.037627,-8.651276,5.724068,4.456190,7.421796,-13.501494,0.293500,-13.617217,-6.531801,-1.332907,18.208881,-16.432419,4.448784,-4.428275,1.879582,-20.198165,-66.838496,34.257613,-42.584542,-29.507957,21.321733,-18.719785,52.242269,-62.865444,-33.481437,38.741236,-38.155370,-7.522610,-26.265243,-45.534341
414.000000,42.479777,3.826977,76.120025,-0.419587,9.630571,2.087661,-8.861657,5.795667,4.428727,7.532205,-13.517849,0.182523,-13.820720,-6.463697,-1.371586,18.352653,-16.402573,4.366153,-4.692594,1.983705,-20.061539,-70.342821,37.459042,-45.791429,-30.263294,24.835808,-19.023959,55.145465,-65.646184,-34.975736,40.365363,-37.323371,-11.314448,-27.687154,-47.400854
415.000000,42.440662,3.800362,76.117009,-0.631798,9.677728,2.074448,-8.862882,6.079224,4.476024,7.405697,-13.456916,0.200975,-13.739715,-6.173351,-1.424549,17.985584,-16.045713,4.287798,-4.852965,2.205163,-19.315490,-74.969126,40.051044,-49.418266,-30.588712,26.981814,-18.488805,57.461487,-69.485721,-36.349843,43.324307,-37.611943,-20.357095,-21.835662,-53.162381
416.000000,42.424580,3.781728,76.108009,-0.587485,9.749297,2.111449,-9.051810,6.038480,4.444916,7.553580,-13.484718,0.165104,-13.919214,-6.239642,-1.434677,18.167145,-16.154337,4.291159,-5.047681,2.170908,-19.404356,-78.486243,41.791254,-51.931759,-31.330669,29.403268,-18.579283,58.520842,-71.735776,-37.451840,45.250335,-38.212945,-23.456758,-21.389465,-54.971459
417.000000,42.402613,3.775953,76.111192,-0.606853,9.873602,2.202866,-9.297412,6.033802,4.390333,7.663199,-13.482359,0.134212,-14.043942,-6.264518,-1.539459,18.152305,-16.125587,4.365814,-5.081282,2.068496,-19.359010,-82.052073,42.389722,-53.742572,-31.498251,31.317452,-16.203241,59.945497,-74.306277,-38.553706,46.372002,-38.743767,-25.900941,-20.618866,-56.356267
418.000000,42.391598,3.779221,76.115245,-0.631521,9.974509,2.255255,-9.492646,6.040076,4.321836,7.780930,-13.486044,0.057468,-14.108336,-6.271027,-1.613231,18.055289,-16.039152,4.423285,-5.108252,1.985000,-19.303178,-84.847861,42.679219,-55.385454,-31.979854,31.822350,-15.388401,60.750783,-76.910771,-39.648992,47.600951,-39.272976,-27.893883,-20.115015,-57.618615
419.000000,42.385188,3.786420,76.115680,-0.654874,10.016118,2.313189,-9.592685,6.049208,4.300174,7.843216,-13.491479,0.008197,-14.127295,-6.265531,-1.649645,18.005950,-15.956348,4.410843,-5.213641,1.960700,-19.270045,-86.690400,42.986929,-56.745109,-32.067123,31.499378,-15.271420,60.876260,-78.968325,-40.565508,49.220187,-39.132759,-29.088847,-19.636348,-58.719587
420.000000,42.395318,3.798197,76.116693,-0.648579,10.020656,2.340396,-9.562508,6.028125,4.337628,7.774365,-13.463087,-0.095358,-14.137400,-6.290049,-1.660915,18.040005,-15.985991,4.452096,-5.267073,1.886999,-19.340326,-87.976429,43.234268,-57.240790,-31.517348,32.387049,-15.040515,61.060532,-80.380473,-41.171745,50.211193,-38.896507,-30.004099,-19.621580,-60.035396
421.000000,42.422748,3.817423,76.114357,-0.614948,9.953561,2.285378,-9.371592,5.988909,4.392637,7.636909,-13.457544,-0.085361,-14.082034,-6.322056,-1.616727,18.115132,-16.072835,4.442845,-5.189290,1.751909,-19.327965,-88.636082,43.023310,-57.006552,-30.985225,32.941500,-14.991483,61.056297,-81.286518,-41.594903,50.578633,-38.416761,-30.030689,-19.708871,-59.678962
422.000000,42.453140,3.840318,76.110458,-0.572314,9.834379,2.230449,-9.113064,5.943653,4.486775,7.484992,-13.469037,-0.105611,-13.973142,-6.365470,-1.582384,18.209776,-16.143202,4.398679,-5.129133,1.665447,-19.364418,-89.114127,42.986219,-56.958833,-30.886126,33.618621,-14.838647,61.322012,-81.979441,-42.039821,51.000602,-38.388890,-30.659736,-19.892106,-59.740844
423.000000,42.464969,3.857475,76.110476,-0.528261,9.674034,2.170272,-8.852859,5.897520,4.502103,7.392718,-13.480826,-0.121613,-13.860116,-6.399108,-1.520951,18.352845,-16.214683,4.357751,-5.085988,1.616957,-19.271208,-89.401569,42.926871,-57.624441,-31.015322,33.402634,-15.205283,61.366572,-82.301020,-42.330073,51.913724,-38.534435,-30.684372,-19.912037,-60.052888
424.000000,42.452398,3.869499,76.110691,-0.493461,9.577064,2.178076,-8.765559,5.844402,4.486359,7.424633,-13.498532,-0.053113,-13.812044,-6.446862,-1.483316,18.468594,-16.285927,4.437337,-5.126026,1.558588,-19.194812,-89.654620,42.792508,-58.281376,-31.303611,33.127606,-15.446661,61.162288,-82.548136,-42.497925,52.731092,-38.919617,-31.192258,-19.603915,-60.663186
425.000000,42.442796,3.878510,76.111484,-0.459294,9.537898,2.139783,-8.690076,5.807094,4.537408,7.377350,-13.468443,-0.017443,-13.820541,-6.476134,-1.422953,18.546110,-16.296176,4.477446,-5.123009,1.535773,-19.169134,-90.067007,42.787385,-58.489007,-31.403157,33.786125,-14.761938,61.780639,-82.874995,-42.592923,53.127978,-39.097447,-31.444572,-19.473908,-61.190517
426.000000,42.415038,3.880572,76.117343,-0.447824,9.536691,2.070596,-8.632989,5.808187,4.619593,7.246946,-13.399670,-0.000144,-13.847273,-6.458085,-1.359916,18.514654,-16.249647,4.553059,-5.089210,1.527668,-19.073061,-90.369591,42.830091,-58.493159,-31.250748,34.171320,-14.712130,61.712863,-83.089395,-42.711847,53.159168,-38.945073,-31.265464,-19.809953,-60.351230
427.000000,42.356873,3.881728,76.126224,-0.455004,9.612329,1.988577,-8.731921,5.837272,4.706624,7.199982,-13.318427,-0.001948,-13.958386,-6.425235,-1.304786,18.411231,-16.148669,4.635764,-5.034852,1.519094,-18.955389,-90.637403,42.934661,-58.383569,-30.920850,34.548265,-14.596336,62.005816,-83.206908,-42.740739,53.018210,-38.675584,-31.294820,-19.863787,-60.244201
428.000000,42.286929,3.869892,76.137745,-0.454755,9.754289,1.833282,-8.911184,5.888006,4.840629,7.187645,-13.235044,-0.077441,-14.159564,-6.356129,-1.178057,18.255590,-15.978654,4.658800,-4.959106,1.534025,-18.876196,-90.931722,43.059654,-58.382463,-30.870157,34.257872,-14.773890,62.112217,-83.439763,-42.653387,52.841216,-38.547901,-31.320529,-19.808238,-60.554634
429.000000,42.234138,3.848784,76.144862,-0.489810,9.958675,1.732070,-9.139626,5.974136,4.929339,7.122614,-13.119168,-0.135341,-14.343419,-6.252456,-1.077550,17.995417,-15.778222,4.690964,-4.846798,1.491276,-18.871574,-91.295730,43.001976,-58.446728,-31.013509,34.348700,-14.731005,62.179536,-83.568826,-42.550972,52.803270,-38.724157,-31.284575,-19.873832,-60.743563
430.000000,42.180628,3.832006,76.160061,-0.547562,10.150651,1.678108,-9.366339,6.064599,4.959060,7.054566,-12.981119,-0.173394,-14.501719,-6.137556,-1.013435,17.738893,-15.534152,4.684522,-4.775076,1.515373,-18.862631,-91.245610,42.757797,-58.753998,-31.163821,32.905205,-15.783403,61.410436,-83.635209,-42.439585,52.766001,-38.850574,-31.247391,-19.749606,-60.822828
431.000000,42.146444,3.812717,76.167268,-0.589321,10.291610,1.647729,-9.500373,6.133862,5.001400,6.929755,-12.851166,-0.227686,-14.652253,-6.040278,-0.901374,17.633441,-15.378480,4.714771,-4.759113,1.505615,-18.817065,-91.565345,42.985041,-58.480565,-31.205000,34.174469,-14.762887,61.874178,-83.531854,-42.318172,52.658433,-38.978807,-31.066279,-19.971427,-60.319484
432.000000,42.088014,3.794027,76.170355,-0.611950,10.350719,1.651199,-9.615626,6.164900,4.964332,6.914468,-12.796271,-0.259252,-14.772849,-6.013812,-0.982612,17.608233,-15.336179,4.700018,-4.726337,1.443596,-18.505933,-91.367536,42.619564,-58.280747,-31.085656,33.166422,-15.851952,61.121614,-83.284137,-42.141492,52.157292,-38.969197,-30.820061,-19.956655,-60.358785
433.000000,42.031053,3.772143,76.173025,-0.631003,10.387862,1.688472,-9.735490,6.185665,4.900872,6.931761,-12.749988,-0.288185,-14.860717,-6.002149,-1.067671,17.604854,-15.351866,4.662019,-4.752319,1.355817,-18.205480,-91.506114,42.526028,-57.757739,-31.281689,33.988230,-15.046340,61.325878,-83.130137,-42.024030,51.726467,-39.195778,-30.516138,-20.236041,-59.677275
434.000000,41.948214,3.756708,76.178092,-0.663942,10.478074,1.783453,-9.983583,6.199215,4.800276,7.013076,-12.695572,-0.296629,-15.010473,-5.975849,-1.092771,17.612269,-15.257311,4.630504,-4.810044,1.308081,-17.848430,-91.142748,42.143681,-57.693208,-31.279299,32.567411,-16.150155,60.516207,-82.844362,-41.795966,51.354765,-39.299327,-30.207311,-20.037125,-59.875214
435.000000,41.876301,3.743531,76.182121,-0.694191,10.639029,1.862979,-10.264670,6.209804,4.714966,7.022914,-12.593860,-0.342438,-15.238649,-5.950503,-1.083925,17.609677,-15.148292,4.635041,-4.828396,1.213106,-17.614964,-91.053846,42.121855,-57.076903,-31.015322,33.632190,-15.341636,60.838305,-82.503221,-41.807858,50.973278,-39.298552,-30.157532,-20.176471,-59.200016
436.000000,41.784891,3.730132,76.187497,-0.714254,10.794250,1.942181,-10.575336,6.209094,4.615435,7.060284,-12.491673,-0.468860,-15.505322,-5.958008,-1.173386,17.649064,-15.066313,4.700026,-4.771599,1.103964,-17.310206,-89.883015,41.924357,-56.002015,-29.333313,34.338960,-15.452581,61.330721,-81.304270,-41.697601,49.762347,-38.129190,-30.237920,-20.092629,-59.156473
437.000000,41.702554,3.716024,76.196009,-0.743639,10.831429,2.019202,-10.755821,6.224004,4.540345,7.117642,-12.397987,-0.484326,-15.632469,-5.963543,-1.278000,17.693380,-14.998838,4.659525,-4.669425,0.992017,-16.898699,-86.627433,41.368311,-54.213237,-24.906790,33.197561,-16.165741,61.542190,-78.692290,-41.324120,47.794604,-34.153743,-28.774067,-20.023482,-58.201907
438.000000,41.618735,3.708230,76.217520,-0.946346,10.493613,2.080115,-10.421451,6.441609,4.431898,7.041303,-12.416270,-0.520081,-15.124668,-5.734403,-1.443129,17.327855,-14.783673,4.514265,-4.424154,1.192842,-16.382531,-81.988505,39.335729,-51.490071,-16.329150,28.909028,-17.441984,59.921632,-74.774698,-39.817670,45.335152,-26.343929,-23.490279,-20.653138,-54.694219
439.000000,41.476494,3.698580,76.227236,-1.087939,9.813409,2.036959,-9.808660,6.654328,4.411381,7.156118,-12.598708,-0.526326,-14.371638,-5.541607,-1.624590,17.082479,-14.693779,4.338981,-4.005520,1.196930,-15.741677,-77.351517,34.790077,-48.447232,-2.695722,22.648110,-19.276025,55.714580,-70.628063,-36.600139,42.641858,-13.891233,-15.932557,-20.698994,-48.647964
440.000000,41.326964,3.701146,76.234961,-1.114200,9.126642,2.033169,-9.287687,6.709280,4.404871,7.468686,-12.872282,-0.523780,-13.817921,-5.519072,-1.758020,17.294649,-14.855369,4.063458,-3.802908,1.214219,-15.464132,-72.871329,28.314995,-44.802954,15.618578,13.971489,-16.824414,49.694394,-67.070067,-31.113120,41.651112,2.298266,-1.643706,-19.067950,-39.362073
441.000000,41.175580,3.716241,76.235449,-1.067893,8.518469,1.909415,-8.855202,6.714849,4.565127,7.841792,-13.205815,-0.689081,-13.529936,-5.501971,-1.585401,17.811950,-15.109770,3.738329,-3.687342,1.306202,-14.890089,-70.323716,21.881939,-41.873595,34.988395,8.052810,-14.277369,47.293521,-63.877036,-24.698271,40.636033,17.098694,12.599800,-17.916273,-33.319606
442.000000,41.020724,3.720808,76.223594,-0.859417,8.153636,1.630352,-8.684304,6.585519,4.857253,8.251738,-13.417885,-0.827394,-13.667107,-5.608304,-1.246656,18.545099,-15.445160,3.759619,-3.800604,1.132169,-14.333089,-68.072937,18.279138,-40.192446,51.882797,7.510166,-13.467875,38.962975,-61.638871,-20.846786,38.695955,28.921456,14.584167,-16.487279,-25.993627
443.000000,40.946287,3.741324,76.230097,-0.718486,8.158791,1.375449,-8.699305,6.472084,5.098084,8.316385,-13.380072,-0.819508,-13.894213,-5.669405,-0.957844,18.730136,-15.474786,3.767341,-3.731959,1.146047,-14.130177,-64.849825,14.811467,-39.346196,65.427646,2.991700,-12.041577,34.250619,-59.529723,-18.324494,37.603999,38.861468,14.868767,-14.921011,-21.541413
444.000000,40.966579,3.772892,76.227486,-0.662036,8.296896,1.154898,-8.692246,6.441725,5.354680,8.164806,-13.357576,-0.741867,-14.002296,-5.663492,-0.719293,18.570038,-15.432348,3.708306,-3.971545,1.490644,-14.108231,-60.440494,12.306152,-35.934226,76.026276,-3.522933,-11.091443,28.748512,-56.668690,-15.814123,35.501407,47.968996,15.168240,-13.573636,-16.847495
445.000000,41.064459,3.811452,76.218271,-0.673742,8.235289,0.985247,-8.275106,6.459734,5.511214,7.771940,-13.409673,-0.655938,-13.655851,-5.607760,-0.527368,18.165812,-15.313267,3.633893,-4.349542,1.811698,-13.834300,-56.005680,10.986524,-30.321508,85.126410,-8.590133,-8.622906,23.361564,-53.561660,-14.133973,33.255771,56.245129,14.048155,-11.120527,-11.214750
446.000000,41.163018,3.862998,76.200730,-0.558616,8.150814,0.853851,-7.997055,6.332761,5.709482,7.678212,-13.575030,-0.660169,-13.473442,-5.781451,-0.515889,18.104356,-15.423826,3.723686,-4.412888,1.822348,-13.165745,-50.931741,10.298634,-24.977935,90.492118,-11.086379,-7.564092,23.452011,-50.047494,-13.713253,30.185980,62.644412,11.048773,-10.947639,-7.701564
447.000000,41.238365,3.929235,76.212913,-0.592385,7.998081,0.903791,-7.746855,6.294786,5.679761,7.656075,-13.743470,-0.561234,-13.134632,-5.814790,-0.520375,17.958463,-15.359019,3.518726,-4.270271,1.871971,-12.239334,-44.652765,10.213167,-20.231702,90.535483,-14.544900,-7.824720,22.549642,-46.187710,-13.892209,27.595124,67.862342,9.508504,-10.840786,-6.920468
448.000000,41.449395,3.946470,76.232260,-0.741517,8.131520,0.911932,-7.291591,6.405561,5.699066,6.813267,-13.554077,-0.582488,-12.774512,-5.682912,-0.757240,17.296428,-15.086093,3.319470,-4.301723,2.172100,-11.863110,-36.782396,10.386671,-19.294251,88.175352,-13.457572,-8.160742,19.322001,-41.696744,-14.430124,25.681125,71.381761,10.861351,-8.184632,-1.453692
449.000000,41.610399,3.991919,76.226842,-0.784470,8.365004,1.284505,-7.222112,6.272937,5.366564,6.166954,-13.353248,-0.631190,-12.733905,-5.840129,-1.111662,17.152055,-15.173952,3.428965,-4.445256,2.165790,-11.203087,-30.531174,10.029069,-21.238767,87.514510,-7.566719,-8.221868,17.932155,-36.628754,-15.920899,25.007266,72.014202,10.237789,-7.881060,-0.367293
450.000000,41.832462,4.058544,76.229042,-0.945163,8.638166,1.993439,-7.104687,6.148103,4.806767,5.272963,-13.048195,-0.697906,-12.414436,-6.046299,-1.898818,16.660865,-15.173018,3.497618,-4.493210,2.201892,-10.871067,-24.709690,9.525567,-21.753973,86.799847,-5.972150,-8.476935,17.020514,-31.126080,-17.287200,24.198409,72.950348,9.590283,-8.867549,-0.049352
451.000000,42.031425,4.090172,76.235753,-1.146162,8.948400,2.695721,-7.011171,6.102865,4.223259,4.304556,-12.576759,-0.762978,-12.063293,-6.226292,-2.930982,15.965431,-15.048198,3.564116,-4.453446,2.178080,-10.560965,-19.375269,9.585890,-21.691977,85.393238,-5.510114,-9.442946,15.706631,-25.590555,-18.224058,22.581739,73.461833,9.702057,-9.483697,0.511255
452.000000,42.168832,4.103867,76.240981,-1.400127,9.378413,3.466017,-7.330121,6.114692,3.505967,3.717712,-12.139893,-0.752825,-11.892751,-6.318437,-3.908960,15.306229,-14.961213,3.659642,-4.530697,2.203661,-10.340428,-14.810869,10.010295,-22.808254,83.996915,-2.718764,-9.521098,15.006134,-20.427877,-19.038954,21.090485,73.047330,9.471511,-9.202206,1.227524
453.000000,42.352533,4.101826,76.243609,-1.571350,9.755930,3.992728,-7.481797,6.120809,3.033716,3.132995,-11.848007,-0.739230,-11.731773,-6.371630,-4.605096,14.716394,-14.872788,3.716962,-4.245718,2.183854,-10.331242,-11.126200,10.369224,-24.816268,83.508331,-2.142366,-9.518426,13.208388,-15.667513,-19.476889,19.583261,73.526884,10.139970,-9.065167,1.853982
454.000000,42.524073,4.087503,76.244247,-1.742038,10.102283,4.419926,-7.631724,6.184511,2.718594,2.659733,-11.559885,-0.789683,-11.605343,-6.364675,-5.179294,14.175308,-14.772395,3.791747,-3.863226,2.093927,-10.445671,-8.127216,10.711055,-26.203770,83.734875,-0.643265,-10.117126,10.973168,-11.398198,-19.465908,18.305867,74.752104,10.632660,-9.071700,2.444066
455.000000,42.680988,4.111497,76.230013,-1.826828,10.445902,4.822319,-7.709802,6.106124,2.414765,2.058133,-11.256903,-0.675739,-11.517110,-6.446096,-5.591609,13.684059,-14.641999,3.827554,-3.466092,1.838830,-10.601657,-5.825787,11.205396,-27.740404,84.025766,1.956782,-10.675382,9.096450,-7.594723,-19.105446,17.632057,76.037409,10.774777,-9.141292,2.736397
456.000000,42.913646,4.095935,76.219654,-2.035301,10.776696,5.331677,-7.717949,6.185114,1.999314,1.373887,-10.920329,-0.711342,-11.236383,-6.371170,-6.191367,12.999406,-14.483945,3.784448,-3.189123,1.723971,-10.932877,-3.884704,11.671440,-28.426467,84.299001,4.143547,-10.980894,7.051398,-4.061900,-18.467162,16.939443,77.206498,11.106606,-9.013451,3.581443
457.000000,43.223947,4.061746,76.224917,-1.957825,10.417872,5.481122,-6.487131,6.139152,1.896402,0.156597,-10.421307,-0.174709,-10.348012,-6.309628,-5.942128,12.637067,-14.671412,3.789120,-2.907734,1.314402,-10.742385,-1.694475,12.491137,-26.936360,83.554210,6.186595,-11.037414,2.435897,-1.075762,-17.415287,17.257286,78.614753,10.725505,-8.386010,7.010683
458.000000,43.471214,4.066196,76.205850,-1.963882,10.320230,5.685676,-5.630150,6.108839,1.825485,-1.033613,-9.965754,-0.164244,-9.534856,-6.322398,-6.234473,11.767179,-14.499539,3.813723,-2.650027,1.039273,-10.786031,-0.395534,12.888080,-25.973888,83.841617,7.266500,-11.310272,-0.439951,1.612926,-16.441182,17.924267,79.731612,9.277734,-8.535472,8.925516
459.000000,43.722540,4.054225,76.177382,-2.080399,10.202490,5.932044,-4.859060,6.223452,1.648691,-2.027653,-9.675711,-0.138193,-8.568234,-6.157063,-6.533229,10.636940,-14.265468,3.810382,-2.392928,0.966823,-10.849577,0.457328,13.038797,-25.093118,84.287027,7.404537,-11.593089,-3.092770,3.810939,-15.536443,18.042611,80.751421,8.846915,-8.310986,10.595010
460.000000,43.934205,4.050147,76.156855,-2.191682,10.051419,5.975230,-4.187078,6.388302,1.668134,-2.714358,-9.557310,-0.044057,-7.843162,-5.889731,-6.377268,9.890219,-14.054893,3.524002,-1.988438,0.928172,-10.782283,0.992565,12.994482,-24.086997,84.471791,7.687252,-11.002848,-5.132844,5.477503,-14.719157,17.726217,81.595018,9.213912,-7.759062,12.402765
461.000000,44.098297,4.043889,76.131487,-2.171112,9.770035,5.811380,-3.493771,6.461265,1.833594,-3.067257,-9.636965,0.125842,-7.315372,-5.781088,-6.322207,9.646500,-14.181393,3.303240,-1.552619,0.817172,-10.561641,1.135645,12.824101,-23.189040,84.997627,7.656177,-10.293758,-7.178432,6.544950,-14.069106,17.656036,82.308492,9.542081,-7.008169,14.335701
462.000000,44.214058,4.046845,76.120734,-2.071536,9.328871,5.545897,-2.767214,6.459673,2.080117,-3.127385,-9.789722,0.259713,-6.827090,-5.723068,-6.079708,9.759107,-14.438880,3.004015,-1.176952,0.642274,-10.167215,1.137938,12.657050,-22.082633,85.352113,7.154606,-9.763866,-8.572349,6.999258,-13.540310,17.517219,82.713557,9.862465,-6.481442,15.396536
463.000000,44.287550,4.045604,76.112163,-1.947052,8.887215,5.234571,-2.166406,6.436393,2.388750,-2.996471,-10.024580,0.340389,-6.473150,-5.726674,-5.816885,10.085711,-14.636346,2.801759,-0.940115,0.508479,-9.814108,1.047536,12.488860,-21.073049,85.355146,6.451343,-9.499261,-9.487211,6.865649,-13.274520,17.420225,83.031639,10.090307,-6.285311,15.811647
464.000000,44.328099,4.055678,76.103961,-1.855160,8.551547,5.026531,-1.746733,6.407601,2.563107,-2.839227,-10.239656,0.399133,-6.225222,-5.758785,-5.632769,10.362841,-14.822096,2.774116,-0.907777,0.493926,-9.636691,0.927572,12.342428,-20.912873,85.094151,6.227311,-9.485523,-9.887423,6.438671,-13.292363,17.538850,83.149357,10.026267,-6.261542,16.164097
465.000000,44.342071,4.077511,76.090610,-1.790724,8.384550,4.832570,-1.510041,6.370804,2.763231,-2.769440,-10.386877,0.476784,-6.123279,-5.788569,-5.437599,10.487291,-14.859471,2.869533,-0.970591,0.614819,-9.707261,0.758935,12.194704,-21.309970,84.780030,6.449137,-9.764212,-9.876810,5.776752,-13.586762,17.707149,83.234454,9.607213,-6.513446,16.427069
466.000000,44.345087,4.100193,76.082212,-1.776251,8.347201,4.731033,-1.432092,6.358463,2.840435,-2.763365,-10.446385,0.525170,-6.059097,-5.803178,-5.347062,10.407523,-14.788287,2.948642,-1.122656,0.804742,-9.969978,0.575194,12.114145,-21.969095,84.465090,6.936898,-9.893890,-9.653766,4.961992,-14.040261,17.753257,83.347187,9.143442,-6.665786,16.403594
467.000000,44.347972,4.128250,76.076955,-1.795097,8.325441,4.689758,-1.345469,6.370832,2.839049,-2.858016,-10.445325,0.530078,-5.951807,-5.795077,-5.305621,10.214328,-14.685501,3.059534,-1.354562,1.026609,-10.236002,0.309392,12.089322,-22.608012,84.194390,7.312760,-9.914443,-9.099605,4.064228,-14.516766,17.618393,83.466489,8.879673,-6.726306,16.180322
468.000000,44.319165,4.155396,76.075321,-1.778637,8.391095,4.568167,-1.386625,6.345386,2.904781,-2.863382,-10.450040,0.568263,-6.002402,-5.832907,-5.259565,10.047913,-14.541251,3.165232,-1.428826,1.136288,-10.527272,-0.109929,12.155034,-23.068547,83.941051,7.564289,-9.856686,-8.480202,3.239689,-14.915639,17.314171,83.477568,8.898318,-6.852064,15.719817
469.000000,44.285944,4.179135,76.081431,-1.779044,8.474490,4.448372,-1.448487,6.344087,3.023609,-2.904223,-10.428745,0.556558,-6.122483,-5.837037,-5.171634,9.975656,-14.426999,3.248854,-1.449169,1.207969,-10.782375,-0.560256,12.277768,-23.370957,83.746691,7.654508,-9.829680,-7.686480,2.475916,-15.183149,17.021530,83.534320,9.175371,-6.876701,15.356389
470.000000,44.251230,4.208308,76.089954,-1.785574,8.506739,4.342148,-1.474903,6.345304,3.121117,-2.926229,-10.416846,0.559952,-6.159308,-5.825459,-5.068753,9.875295,-14.241887,3.348962,-1.409619,1.243300,-10.939876,-0.971436,12.389839,-23.334375,83.604254,7.369288,-9.675153,-6.657958,1.800773,-15.380039,16.686893,83.630079,9.672947,-6.922612,14.997282
471.000000,44.214389,4.247398,76.097083,-1.782623,8.510077,4.235795,-1.458177,6.319247,3.223607,-3.008363,-10.319624,0.576161,-6.172123,-5.834972,-4.970674,9.756147,-14.070153,3.406167,-1.348374,1.257250,-11.075142,-1.374631,12.386693,-23.200705,83.680630,6.819418,-9.447631,-5.868166,1.198427,-15.547794,16.168145,83.782106,10.711428,-6.599797,15.033924
472.000000,44.190142,4.291730,76.097423,-1.777044,8.552713,4.166088,-1.477134,6.275932,3.296403,-3.069536,-10.310309,0.602823,-6.173235,-5.877738,-4.973680,9.564921,-13.942399,3.440200,-1.338154,1.255372,-11.223477,-1.603905,12.354625,-22.965041,83.711762,6.555608,-9.384626,-5.305438,0.788408,-15.593312,16.034793,83.835408,10.594198,-6.535874,14.910574
473.000000,44.184574,4.330920,76.092702,-1.780490,8.553522,4.147562,-1.447343,6.249229,3.312299,-3.124449,-10.342057,0.643474,-6.146067,-5.906675,-4.956221,9.497232,-13.890561,3.421919,-1.374001,1.237112,-11.358347,-1.518091,12.353250,-22.617997,83.418159,6.609111,-9.584109,-4.965995,0.530896,-15.561437,15.792463,83.941276,10.422258,-6.609951,14.998505
474.000000,44.180202,4.359534,76.090008,-1.799814,8.440985,4.186727,-1.317614,6.244407,3.242105,-3.164262,-10.367196,0.633987,-6.012940,-5.901494,-4.982643,9.500773,-13.891701,3.450895,-1.456514,1.301750,-11.352353,-1.609931,12.255356,-22.632986,83.484309,6.576832,-9.561423,-5.335905,0.322377,-15.523345,15.595909,84.124564,10.613607,-6.608007,15.229891
475.000000,44.167644,4.381076,76.091367,-1.812085,8.365288,4.204089,-1.246881,6.244295,3.237772,-3.157467,-10.379759,0.643606,-5.953459,-5.903161,-4.959079,9.559619,-13.899090,3.392618,-1.550746,1.328720,-11.371163,-1.455829,12.192221,-22.362031,83.333670,6.583220,-9.673724,-5.515075,0.154148,-15.461293,15.368685,84.186917,10.542079,-6.659769,15.376267
476.000000,44.139072,4.412143,76.087362,-1.824794,8.293887,4.215499,-1.215604,6.230031,3.206933,-3.104634,-10.470012,0.688638,-5.915343,-5.910997,-4.941550,9.600104,-13.915970,3.397392,-1.669619,1.372061,-11.380092,-1.319856,12.099220,-22.305624,83.152171,6.597752,-9.695494,-5.885199,-0.053055,-15.429561,15.116228,84.220747,10.548596,-6.598051,15.618061
477.000000,44.126928,4.435697,76.082796,-1.820289,8.171159,4.229898,-1.072664,6.215247,3.200686,-3.137470,-10.493926,0.676891,-5.763432,-5.943258,-5.034481,9.567482,-13.968075,3.461594,-1.816321,1.442736,-11.341622,-1.262184,11.963079,-22.700622,83.066951,6.450414,-9.502423,-6.283881,-0.266062,-15.438581,14.987595,84.168483,10.959781,-6.356743,15.930520
478.000000,44.106400,4.450688,76.083124,-1.823524,8.051418,4.239817,-0.925829,6.222751,3.233901,-3.183815,-10.495795,0.698543,-5.628328,-5.953362,-5.063817,9.552176,-13.976809,3.453930,-1.923920,1.501056,-11.285865,-1.182048,11.875702,-23.013948,82.886121,6.416451,-9.445498,-6.657596,-0.559005,-15.471984,14.933039,84.111854,11.040822,-6.285495,16.227023
479.000000,44.085509,4.461227,76.086396,-1.841088,7.919271,4.288287,-0.788513,6.227279,3.130017,-3.225886,-10.488922,0.729780,-5.453447,-5.932707,-5.071435,9.487062,-13.942732,3.469549,-2.025251,1.551477,-11.221053,-1.101332,11.811876,-23.075106,82.691270,6.320395,-9.386348,-6.916440,-0.829068,-15.472311,14.844154,84.046926,11.127504,-6.194670,16.386396
480.000000,44.022602,4.489744,76.083130,-1.764497,7.990148,4.163607,-0.870363,6.117664,3.219265,-3.246593,-10.471981,0.840630,-5.673952,-6.037680,-4.934051,9.607286,-13.946159,3.447932,-1.817933,1.483535,-11.449158,-1.107696,11.728010,-23.174656,82.705333,6.239502,-9.386815,-7.098757,-0.936503,-15.506425,14.776301,83.938654,11.229937,-6.191731,16.580563
481.000000,43.976465,4.480238,76.077181,-1.697060,8.077628,4.053295,-0.996305,6.054614,3.286416,-3.218003,-10.476653,0.865450,-5.888733,-6.094055,-4.796874,9.709512,-13.993730,3.434267,-1.746973,1.376259,-11.567197,-1.172966,11.773865,-23.037105,82.666708,6.142135,-9.414004,-7.119157,-1.216348,-15.469938,14.902211,83.858802,11.052459,-6.200396,16.507251
482.000000,43.952295,4.455791,76.075244,-1.681655,8.072105,4.005728,-1.038162,6.068938,3.313458,-3.138124,-10.509375,0.852145,-5.935723,-6.080478,-4.740850,9.754356,-14.054516,3.439130,-1.735184,1.326338,-11.560174,-1.301270,11.849508,-22.838066,82.639415,6.072763,-9.458104,-7.046240,-1.512279,-15.417736,15.109261,83.792044,10.915032,-6.257652,16.390133
483.000000,43.923673,4.431076,76.076627,-1.671531,8.002782,3.979074,-1.002153,6.085490,3.311683,-3.075961,-10.545921,0.849429,-5.868826,-6.051664,-4.689219,9.719187,-14.037167,3.470398,-1.647811,1.222702,-11.487190,-1.442669,11.992648,-22.803640,82.556059,6.065508,-9.478392,-6.851158,-1.717580,-15.346663,15.231694,83.710163,10.959884,-6.286776,16.310198
484.000000,43.904340,4.402408,76.074451,-1.683151,7.941458,3.966851,-0.959088,6.130984,3.286909,-3.055792,-10.558940,0.849891,-5.763920,-6.000454,-4.661566,9.602928,-14.020922,3.523739,-1.627373,1.188583,-11.413295,-1.581088,12.098154,-22.650593,82.465634,6.093386,-9.391490,-6.677030,-1.942529,-15.330843,15.264853,83.609500,10.834119,-6.286379,16.361672
485.000000,43.884352,4.368016,76.070368,-1.695037,7.853416,3.959514,-0.865568,6.189756,3.285778,-3.082732,-10.540061,0.835257,-5.667739,-5.936115,-4.601241,9.554743,-14.041400,3.525819,-1.635799,1.228794,-11.391670,-1.659995,12.175956,-22.661328,82.390209,6.006899,-9.271484,-6.734899,-2.046699,-15.360365,15.331937,83.411042,10.845096,-6.247058,16.473323
486.000000,43.856612,4.329427,76.078695,-1.713896,7.814073,3.961900,-0.862606,6.246147,3.251978,-3.054555,-10.527966,0.811755,-5.651918,-5.870750,-4.530493,9.579905,-14.014178,3.459594,-1.667687,1.165442,-11.400298,-1.520072,12.331512,-22.391155,82.066458,5.897244,-9.518009,-6.448087,-2.136325,-15.311491,15.316195,83.149978,10.802964,-6.429553,16.315234
487.000000,43.837693,4.286734,76.083320,-1.745224,7.796168,3.965756,-0.887848,6.323351,3.229817,-3.006464,-10.520502,0.797663,-5.579039,-5.772119,-4.403694,9.469884,-13.886612,3.484970,-1.766159,1.175189,-11.431107,-1.545834,12.419035,-22.468819,81.964968,6.010074,-9.506040,-6.400821,-2.276770,-15.267754,15.382966,82.879250,10.781273,-6.488890,16.296743
488.000000,43.799588,4.238061,76.083654,-1.745155,7.835689,3.847693,-0.973051,6.399489,3.375763,-2.934618,-10.561004,0.743500,-5.597713,-5.734543,-4.458436,9.257143,-13.827581,3.628796,-1.755802,1.144360,-11.433294,-1.670267,12.545607,-22.543553,81.838664,6.129114,-9.551648,-6.402090,-2.474227,-15.183840,15.305219,82.515310,10.959496,-6.484311,16.224293
489.000000,43.805748,4.262747,76.088017,-1.737006,7.887216,3.840665,-1.042668,6.370535,3.402810,-2.898554,-10.538500,0.718771,-5.618851,-5.780603,-4.512644,9.167299,-13.719716,3.655008,-1.841431,1.194687,-11.381779,-1.816905,12.536728,-22.654812,81.770349,5.790391,-9.328540,-6.556394,-2.542531,-15.226095,15.268753,81.825591,11.619409,-6.500157,16.097793
